20131100001  181202000000050
20131100001  181231000001070
20131100001  191179000000150
20131100001  212003000000025
20131100001  212002000000400
20131100001  219200000000159
20131100001  219300000000300
20131100001  219449000000120
20131100001  219800000000698
20131100001  219802000000400
20131100001  293003000000510
20131100001  293011000000695
20131100001  293022000000775
20131100001  293001000000170
20131100001  293004000000370
20131100001  293007000000110
20131100001  401202000000100
20131100001  421217000000123
20131100001  421318000000335
20131100001  490104000000325
20131100001  490204000000050
20131100001  512005000000025
20131100001  900309000000385
20131100001  900911000000250
20131100001  901203000000100
20131100001  902707000000035
2013110000126020238000000990
2013110001926219200000000100
2013110001926219449000000025
2013110001926293022000000100
2013110001926401202000000100
2013110001926421217000000205
2013110001926421318000000100
2013110001926490104000000100
2013110001926510203000000205
2013110001926513001000000050
2013110001926581205000000005
2013110001926581206000000522
2013110001926581207000000005
2013110001926771324000000105
2013110001926900309000000100
2013110001926900911000000050
2013110001925001000000001993
2013110003025191179000001692
2013110003025292004000000738
2013110003025900911000000234
2013110007725181231000000010
2013110007725181202000000130
2013110007725191179000000003
2013110007725293022000000024
2013110007725401202000000200
2013110007725421217000000009
2013110007725421318000000030
2013110007725510203000000208
2013110007725513200000000005
2013110007725581207000000370
2013110007725581206000000016
2013110007725581205000000016
2013110007725771324000000010
2013110007725900911000000057
2013110007725001000000000656
2013110007726019031000000002
2013110020026181231000000003
2013110020026181202000000001
2013110020026191179000000116
2013110020026212001000000011
2013110020026215020000000045
2013110020026219206000000015
2013110020026219200000000087
2013110020026219300000000008
2013110020026219449000000003
2013110020026219775000000027
2013110020026219776000000019
2013110020026219802000000034
2013110020026219800000000057
2013110020026293003000000015
2013110020026293008000000036
2013110020026293001000000084
2013110020026293011000000052
2013110020026293022000000081
2013110020026293010000000010
2013110020026293021000000080
2013110020026421318000000021
2013110020026490204000000042
2013110020026510203000000002
2013110020026512005000000001
2013110020026513005000000110
2013110020026900309000000008
2013110020026900911000000032
2013110020026901203000000005
2013110020025000122000000002
2013110020325181231000000009
2013110020325181202000000001
2013110020325191179000000408
2013110020325212001000000040
2013110020325215020000000157
2013110020325219206000000053
2013110020325219200000000304
2013110020325219300000000027
2013110020325219449000000009
2013110020325219775000000093
2013110020325219776000000066
2013110020325219802000000120
2013110020325219800000000199
2013110020325293003000000053
2013110020325293008000000125
2013110020325293001000000292
2013110020325293011000000182
2013110020325293022000000282
2013110020325293010000000035
2013110020325293021000000281
2013110020325421318000000072
2013110020325490204000000146
2013110020325510203000000008
2013110020325512005000000001
2013110020325513005000000386
2013110020325900309000000027
2013110020325900911000000111
2013110020325901203000000019
2013110020325000122000000006
2013110020425181231000000006
2013110020425181202000000001
2013110020425191179000000252
2013110020425212001000000025
2013110020425215020000000097
2013110020425219206000000033
2013110020425219200000000188
2013110020425219300000000016
2013110020425219449000000005
2013110020425219775000000058
2013110020425219776000000041
2013110020425219802000000074
2013110020425219800000000123
2013110020425293003000000033
2013110020425293008000000077
2013110020425293001000000181
2013110020425293011000000113
2013110020425293022000000175
2013110020425293010000000021
2013110020425293021000000174
2013110020425421318000000044
2013110020425490204000000091
2013110020425510203000000005
2013110020425512005000000001
2013110020425513005000000239
2013110020425900309000000016
2013110020425900911000000069
2013110020425901203000000012
2013110020425000122000000004
2013110020525181231000000004
2013110020525181202000000001
2013110020525191179000000175
2013110020525212001000000017
2013110020525215020000000067
2013110020525219206000000023
2013110020525219200000000130
2013110020525219300000000011
2013110020525219449000000004
2013110020525219775000000040
2013110020525219776000000028
2013110020525219802000000051
2013110020525219800000000085
2013110020525293003000000023
2013110020525293008000000054
2013110020525293001000000125
2013110020525293011000000078
2013110020525293022000000121
2013110020525293010000000015
2013110020525293021000000120
2013110020525421318000000031
2013110020525490204000000063
2013110020525510203000000003
2013110020525512005000000001
2013110020525513005000000165
2013110020525900309000000011
2013110020525900911000000048
2013110020525901203000000008
2013110020525000122000000003
2013110021225181231000000013
2013110021225181202000000001
2013110021225191179000000582
2013110021225212001000000057
2013110021225215020000000224
2013110021225219206000000076
2013110021225219200000000434
2013110021225219300000000038
2013110021225219449000000013
2013110021225219775000000133
2013110021225219776000000095
2013110021225219802000000171
2013110021225219800000000285
2013110021225293003000000076
2013110021225293008000000178
2013110021225293001000000418
2013110021225293011000000260
2013110021225293022000000403
2013110021225293010000000049
2013110021225293021000000401
2013110021225421318000000103
2013110021225490204000000209
2013110021225510203000000011
2013110021225512005000000001
2013110021225513005000000551
2013110021225900309000000038
2013110021225900911000000159
2013110021225901203000000027
2013110021225000122000000009
2013110030325181202000000210
2013110030325181231000000819
2013110030325212001000000050
2013110030325212002000000150
2013110030325212003000000180
2013110030325219200000000210
2013110030325219300000001750
2013110030325219449000000025
2013110030325219775000000100
2013110030325219776000000410
2013110030325219800000003635
2013110030325219802000001300
2013110030325231295000000065
2013110030325231296000000125
2013110030325000122000002040
2013110030325006138000000038
2013110030325270296000000172
2013110030325270297000000129
2013110030325001000000000050
2013110030325270322000000080
2013110030325270323000000300
2013110030325270324000000140
2013110030325270402000000120
2013110030325292006000000643
2013110030325293001000000050
2013110030325293003000000475
2013110030325293007000000100
2013110030325293010000000071
2013110030325293011000000440
2013110030325293022000008052
2013110030325421217000000430
2013110030325421318000000130
2013110030325490204000000100
2013110030325512033000000005
2013110030325513001000000962
2013110030325771324000000725
2013110030325900309000000070
2013110030325900945000000401
2013110030325901002000000290
2013110030325901203000001410
2013110030325901301000000500
2013110030325902406000000010
2013110030325902707000000194
2013110030325911908000000050
2013110040125212002000000450
2013110040125212001000000003
2013110040125219206000000207
2013110040125219200000000506
2013110040125219800000000340
2013110040125219802000000200
2013110040125270181000001400
2013110040125293022000000798
2013110040125883509000000093
2013110040225181231000000130
2013110040225181202000000050
2013110040225191179000000030
2013110040225212003000000020
2013110040225212002000000050
2013110040225212001000000060
2013110040225212004000000220
2013110040225219200000000075
2013110040225219300000000300
2013110040225219449000000005
2013110040225219776000000805
2013110040225219775000000060
2013110040225219800000000567
2013110040225293022000001321
2013110040225421217000000075
2013110040225421318000000002
2013110040225490104000000360
2013110040225623932000000150
2013110040225623933000000080
2013110040225623928000000080
2013110040226019031000000020
2013110040326181231000000010
2013110040326181202000000170
2013110040326191179000001505
2013110040326900911000001915
2013110040426181231000000595
2013110040426181202000000160
2013110040426212002000000010
2013110040426270436000000160
2013110040426513201000001422
2013110040526181202000000568
2013110040526181231000000070
2013110040526191179000000550
2013110040526212002000000140
2013110040526212001000000010
2013110040526219200000000086
2013110040526219800000000300
2013110040526293001000000400
2013110040526293022000000128
2013110040526421318000000040
2013110040526900911000000240
2013110040526911908000000033
2013110040626191179000000010
2013110040626212001000000030
2013110040626219775000000030
2013110040626219776000000030
2013110040626293022000000122
2013110040626421217000000215
2013110040626421318000001005
2013110040626490204000000270
2013110040626771324000000350
2013110040626900116000000067
2013110040626900911000000222
2013110040626901002000000098
2013110040625001000000000230
2013110040925181231000000864
2013110040925181202000000005
2013110040925191179000000249
2013110040925900911000000448
2013110041125181202000000070
2013110041125212002000000085
2013110041125212001000000150
2013110041125293010000000187
2013110041125293022000000140
2013110041125421217000000025
2013110041125421318000000008
2013110041125510203000000435
2013110041125513201000000100
2013110041125771324000000190
2013110046425181231000000045
2013110046425212001000000015
2013110046425212002000000900
2013110046425219200000000008
2013110046425219300000000050
2013110046425219776000000180
2013110046425219800000000050
2013110046425270439000000127
2013110046425293022000001426
2013110046425421217000000020
2013110046425490104000000030
2013110046425513200000000200
2013110046425883512000000100
2013110046425900911000000050
2013110046425902707000000110
2013110046425911908000000020
2013110050125212001000000030
2013110050125219300000000065
2013110050125219449000000140
2013110050125219775000000030
2013110050125293022000000220
2013110050125293008000000250
2013110050125490104000000030
2013110050125510203000000791
2013110050125513201000000287
2013110050125883506000000120
2013110050225212001000000030
2013110050225293022000000587
2013110050225293008000000969
2013110050225490104000000550
2013110050225510203000001725
2013110050225512005000000100
2013110050225513201000000985
2013110050225001000000000300
2013110050226019033000000350
2013110052826181202000000048
2013110052826181231000000170
2013110052826191179000000070
2013110052826212001000000158
2013110052826212002000000520
2013110052826219206000000030
2013110052826219200000000015
2013110052826219300000000050
2013110052826219776000000100
2013110052826219800000000235
2013110052826219802000000270
2013110052826293010000000033
2013110052826293022000001087
2013110052826421217000000015
2013110052826421318000000056
2013110052826490104000000090
2013110052826512033000000037
2013110052826624636000000015
2013110052826624706000000015
2013110052826624711000000015
2013110052826624802000000015
2013110052826771324000000150
2013110052826900911000000120
2013110052826911908000000030
2013110052823220038000000080
2013110052826019031000000012
2013110052926212001000000170
2013110052926219200000000007
2013110052926219300000000320
2013110052926219449000000280
2013110052926219775000000120
2013110052926219802000000100
2013110052926293022000000428
2013110052926421217000000135
2013110052926421318000000008
2013110052926490204000000095
2013110052926771324000000050
2013110059126212004000000050
2013110059126212003000000649
2013110059126212002000000100
2013110059126219200000000031
2013110059126219449000000020
2013110059126219775000000070
2013110059126219800000000054
2013110059126293022000002174
2013110059126421217000000493
2013110059126900911000000030
2013110059126901002000000100
2013110059125000122000000221
2013110070725181202000000395
2013110070725181231000000220
2013110070725191179000000010
2013110070725212003000000250
2013110070725219200000000500
2013110070725219300000000210
2013110070725219449000001016
2013110070725219776000000132
2013110070725219802000000080
2013110070725293011000000240
2013110070725293022000002035
2013110070725293003000000150
2013110070725293009000000040
2013110070725421217000000202
2013110070725421318000000160
2013110070725490104000000170
2013110070725510203000000335
2013110070725512033000000040
2013110070725883509000000040
2013110070725900309000000175
2013110070725901203000000050
2013110070726019031000000015
2013110070826219449000000060
2013110070826421217000000150
2013110070826421318000000600
2013110072026181231000000025
2013110072026219200000000007
2013110072026219300000000035
2013110072026219802000000100
2013110072026219800000000280
2013110072026270422000000170
2013110072026293011000000090
2013110072026293022000000091
2013110072026293002000000100
2013110072026293007000000710
2013110072026293010000000037
2013110072026421217000000203
2013110072026421318000000012
2013110072026490104000000030
2013110072026771324000000210
2013110072026901301000000825
2013110072026019033000000230
2013110072026019031000000017
2013110073826181231000000410
2013110073826219200000000007
2013110073826219449000000170
2013110073826219800000000060
2013110073826231296000000031
2013110073826293022000000812
2013110073826421217000000003
2013110073826490104000000200
2013110073826513001000000150
2013110073826900945000000020
2013110073826901203000000256
2013110073826910909000000020
2013110077226181202000000020
2013110077226181231000001413
2013110077226219200000000023
2013110077226219449000000098
2013110077226219802000000150
2013110077226219800000000192
2013110077226293022000000678
2013110077226421217000000180
2013110077226421318000000025
2013110077226512033000000048
2013110077226900911000000194
2013110077226901002000000065
2013110077226019031000000016
2013110080126181231000000160
2013110080126212002000000125
2013110080126219300000000727
2013110080126219802000000450
2013110080126292010000000123
2013110080126293022000000875
2013110080126293009000000100
2013110080126421217000000014
2013110080126421318000000934
2013110080126490204000000160
2013110080126581205000000050
2013110080126771324000000450
2013110080126901002000000110
2013110080126901301000000050
2013110080126902707000000210
2013110080126910909000000300
2013110080126981213000000230
2013110080125000122000000299
2013110080625181231000000439
2013110080625181202000000013
2013110080625191179000000343
2013110080625421217000000095
2013110080625421318000000145
2013110080625512033000000015
2013110080625900911000000350
2013110080825181231000000160
2013110080825191179000000257
2013110080825212001000000090
2013110080825219200000000115
2013110080825219449000000050
2013110080825219776000000008
2013110080825219775000000050
2013110080825219802000000340
2013110080825219800000000300
2013110080825292010000000013
2013110080825293003000000020
2013110080825293022000001199
2013110080825293010000000105
2013110080825421217000000221
2013110080825421318000000076
2013110080825490204000000300
2013110080825771324000000280
2013110080825883512000000050
2013110080825900609000000145
2013110080825900911000000100
2013110080825901002000000080
2013110080825910909000000150
2013110080825911908000000167
2013110080825981113000000250
2013110080825981213000000234
2013110080826019031000000030
2013110081126181202000000135
2013110081126181231000000390
2013110081126191179000000590
2013110081126212001000000030
2013110081126219200000000012
2013110081126219300000000015
2013110081126219449000000030
2013110081126219775000000030
2013110081126293005000000232
2013110081126293022000000415
2013110081126421217000000170
2013110081126421318000000065
2013110081126510203000000050
2013110081126883509000000027
2013110081126900911000000280
2013110081126019031000000030
2013110083026181202000000257
2013110083026181231000001180
2013110083026191179000000577
2013110083026219200000000100
2013110083026270333000000500
2013110083026270439000000125
2013110083026292010000000123
2013110083026293010000000074
2013110083026293022000000025
2013110083026510203000000050
2013110083026512033000000005
2013110083026883509000000021
2013110083026900911000000740
2013110083026902707000000030
2013110083025000122000000089
2013110083026019031000000014
2013110088026212001000000250
2013110088026212002000000300
2013110088026219200000000015
2013110088026219300000000067
2013110088026219449000000150
2013110088026219775000000070
2013110088026219802000000530
2013110088026219800000000395
2013110088026270439000000244
2013110088026293011000000369
2013110088026293002000000803
2013110088026902707000000090
2013110090926212001000000180
2013110090926212002000000005
2013110090926219449000000050
2013110090926219775000000030
2013110090926293022000000463
2013110090926401202000000820
2013110090926490204000000025
2013110090926019031000000280
2013110091026191179000001480
2013110091026900911000000010
2013110091026902406000000350
2013110091126181231000000380
2013110091126181202000000210
2013110091126191179000000485
2013110091126212002000000050
2013110091126293022000000180
2013110091126401202000000660
2013110091126513201000000025
2013110091126019031000000040
2013110092526181231000000020
2013110092526181202000000658
2013110092526191179000001574
2013110092526219200000000100
2013110092526219775000000100
2013110092526219776000000100
2013110092526293022000000340
2013110092526293010000000043
2013110092526293006000000686
2013110092526293008000000030
2013110092526421217000000100
2013110092526421318000000011
2013110092526490104000000050
2013110092526490204000000200
2013110092526900911000001389
2013110092526901203000000080
2013110094026191179000000095
2013110094026219200000000040
2013110094026219300000000020
2013110094026219449000000330
2013110094026219776000000050
2013110094026293010000000044
2013110094026293022000000406
2013110094026421217000000435
2013110094026421318000000018
2013110094026490104000000310
2013110094026512033000000015
2013110094026901002000000005
2013110094025000138000000423
2013110094025000122000000212
2013110094125181202000000002
2013110094125219802000000100
2013110094125293022000000450
2013110094125421217000000200
2013110094125510203000001330
2013110094125771324000000300
2013110094125900116000000058
2013110094125901002000000280
2013110095525181202000000040
2013110095525219200000000007
2013110095525421318000000005
2013110095525513200000001098
2013110095526016138000000110
2013110103526212001000000165
2013110103526212002000000700
2013110103526219200000000550
2013110103526219300000000004
2013110103526219449000000145
2013110103526219775000000100
2013110103526293022000000865
2013110103526490104000000235
2013110103526883509000000005
2013110103526883512000000010
2013110104226581206000001321
2013110104226581207000000902
2013110104226581205000000636
2013110104225001000000000871
2013110104226019033000000249
2013110120026191179000000300
2013110120026292004000000134
2013110120026900911000000636
2013110120026901203000000050
2013110120026020038000000770
2013110130126219200000000788
2013110130126219300000000263
2013110130126219800000000279
2013110130226219200000000430
2013110130226219300000000143
2013110130226219800000000152
2013110130326219200000000645
2013110130326219300000000215
2013110130326219800000000228
2013110140326212001000000050
2013110140326219776000000050
2013110140326219775000000050
2013110140326219800000000060
2013110140326293022000000009
2013110140326421217000000020
2013110140326771324000000240
2013110140325001000000001194
2013110142625181202000000086
2013110142625181231000000163
2013110142625191179000000137
2013110142625212002000000130
2013110142625212001000000180
2013110142625219200000000007
2013110142625219300000000006
2013110142625219775000000050
2013110142625219776000000050
2013110142625219800000000050
2013110142625293022000001014
2013110142625421217000000023
2013110142625421318000000717
2013110142625512033000000010
2013110142625900911000000741
2013110142625901002000000003
2013110144425181231000000020
2013110144425191179000000405
2013110144425212001000000230
2013110144425219200000000100
2013110144425219449000000100
2013110144425219776000000050
2013110144425219775000000200
2013110144425219800000000200
2013110144425293022000000198
2013110144425421217000000110
2013110144425421318000000120
2013110144425771324000000250
2013110144425900911000000565
2013110144425000138000000200
2013110155125211247000000160
2013110155125211202000000096
2013110155125211246000000096
2013110155125211245000000160
2013110155125211248000000160
2013110155125211345000000160
2013110155125212003000000246
2013110155125219200000000851
2013110155125219300000000167
2013110155125901203000000240
2013110155225219300000000375
2013110155225490104000001149
2013110155425219300000000480
2013110155625581205000000272
2013110155725513200000000320
2013110155825900609000000824
2013110155925219200000000328
2013110160225181231000000271
2013110160225181202000000003
2013110160225191179000000040
2013110160225293022000000029
2013110160225301318000000021
2013110160225301316000000467
2013110160225301317000000110
2013110160225311307000000320
2013110160225311306000000066
2013110160225311302000000521
2013110160225421217000000425
2013110160225421318000000283
2013110160225512033000000012
2013110160225771223000000616
2013110160225771324000000698
2013110160225900116000000102
2013110160225900117000000034
2013110160225900911000000138
2013110160225901002000000497
2013110160225001000000000058
2013110160226019033000000058
2013110160226019031000000029
2013110160325401024000545467
2013110163425181231000000250
2013110163425181202000000003
2013110163425191179000000037
2013110163425293022000000027
2013110163425301318000000019
2013110163425301316000000431
2013110163425301317000000101
2013110163425311307000000295
2013110163425311306000000061
2013110163425311302000000481
2013110163425421217000000392
2013110163425421318000000261
2013110163425512033000000011
2013110163425771223000000568
2013110163425771324000000644
2013110163425900116000000094
2013110163425900117000000031
2013110163425900911000000127
2013110163425901002000000459
2013110163425001000000000053
2013110163426019033000000053
2013110163426019031000000027
2013110164026181231000000156
2013110164026181202000000002
2013110164026191179000000023
2013110164026293022000000017
2013110164026301318000000012
2013110164026301316000000269
2013110164026301317000000063
2013110164026311307000000185
2013110164026311306000000038
2013110164026311302000000300
2013110164026421217000000245
2013110164026421318000000163
2013110164026512033000000007
2013110164026771223000000355
2013110164026771324000000403
2013110164026900116000000059
2013110164026900117000000020
2013110164026900911000000080
2013110164026901002000000287
2013110164025001000000000033
2013110164026019033000000033
2013110164026019031000000017
2013110164326181231000000260
2013110164326181202000000003
2013110164326191179000000039
2013110164326293022000000028
2013110164326301318000000020
2013110164326301316000000449
2013110164326301317000000106
2013110164326311307000000308
2013110164326311306000000063
2013110164326311302000000501
2013110164326421217000000409
2013110164326421318000000272
2013110164326512033000000011
2013110164326771223000000592
2013110164326771324000000671
2013110164326900116000000098
2013110164326900117000000033
2013110164326900911000000133
2013110164326901002000000478
2013110164325001000000000056
2013110164326019033000000056
2013110164326019031000000028
2013110166126191179000000530
2013110166126902406000001334
2013110166226181231000000960
2013110166326512033000000400
2013110166426293001000000158
2013110166426902406000000130
2013110177126421217000001181
2013110177126421318000000977
2013110177226421217000000007
2013110177226421318000000081
2013110181325003012000002396
2013110181326016412000000052
2013110201226191179000000060
2013110201226219300000000100
2013110201226219449000000050
2013110201226219800000000050
2013110201226270296000000020
2013110201226293022000000450
2013110201226421217000000020
2013110201226421318000000110
2013110201226900911000000100
2013110201226019031000000100
2013110201226019006000005401
2013110201626181202000000001
2013110201626181231000000050
2013110201626219300000000125
2013110201626293002000000050
2013110201626293022000000100
2013110201626401202000000410
2013110201626421217000000363
2013110201626421318000000010
2013110201626771324000000005
2013110201626900309000000200
2013110201626019031000002464
2013110201626019033000000024
2013110203726181231000000010
2013110203726181202000000044
2013110203726212002000000040
2013110203726219449000000025
2013110203726219800000000164
2013110203726293022000000160
2013110203726421217000000210
2013110203726510203000000358
2013110203726512033000000010
2013110203726513201000000050
2013110203726513200000000005
2013110203726581206000000008
2013110203726581205000000257
2013110203726581207000000008
2013110203726771324000000110
2013110203726900116000000055
2013110203726019033000001931
2013110203726019031000000040
2013110210226292003000000600
2013110210226901203000000172
2013110210226901301000000806
2013110210226293022000000093
2013110210226421318000001702
2013110210226900911000000060
2013110210226901002000000120
2013110210226512032000000003
2013110210226181231000000743
2013110210226181232000000152
2013110210226231268000000862
2013110210226231254000000064
2013110210226270327000000272
2013110210225000101000000016
2013110210225000301000000032
2013110210225000601000000016
2013110210425212002000000030
2013110210425219200000000270
2013110210425219449000000061
2013110210425000101000000016
2013110210425000301000000024
2013110210425293022000000198
2013110210425421318000000052
2013110210425490204000000608
2013110210425231296000000085
2013110210525181231000000048
2013110210525181232000000016
2013110210525212002000000051
2013110210525219200000000133
2013110210525219449000000021
2013110210525231254000000171
2013110210525231268000000020
2013110210525231295000000102
2013110210525000101000001010
2013110210525000301000000012
2013110210525292003000000060
2013110210525293022000000243
2013110210525421318000000180
2013110210525490204000000059
2013110210525512032000000017
2013110210525883578000000007
2013110210525883580000000018
2013110210525900911000000027
2013110210525901002000000001
2013110210525901301000000097
2013110210525980500000000063
2013110210525980513000000037
2013110210525981113000000157
2013110210525231296000000339
2013110210725212002000000006
2013110210725219200000001103
2013110210725231254000000007
2013110210725231268000000005
2013110210725231295000000002
2013110210725000101000000130
2013110210725000301000000012
2013110210725000401000000235
2013110210725293009000000050
2013110210725293022000000146
2013110210725421318000001232
2013110210725490204000000343
2013110210725512032000000009
2013110210725900911000000005
2013110210725901301000001009
2013110210725980200000000009
2013110210725231296000000146
2013110210925212002000000004
2013110210925219802000000024
2013110210925231254000000028
2013110210925231295000000046
2013110210925000101000000012
2013110210925000301000000044
2013110210925000401000000160
2013110210925000601000000016
2013110210925000701000000016
2013110210925292003000000007
2013110210925293009000001000
2013110210925293022000000043
2013110210925421318000000603
2013110210925512032000000008
2013110210925900911000000100
2013110210925901203000000006
2013110210925901301000000335
2013110210925980600000000030
2013110210925231296000001794
2013110211025212002000000112
2013110211025219449000000080
2013110211025219802000000100
2013110211025231254000000180
2013110211025231268000000956
2013110211025231298000000040
2013110211025293022000000290
2013110211025421217000000124
2013110211025901301000000478
2013110211625181231000000016
2013110211625181232000000008
2013110211625212002000000061
2013110211625000101000000032
2013110211625000301000000006
2013110211625293022000001537
2013110211625421318000001489
2013110211625512032000000030
2013110211625883509000000172
2013110211625900911000000080
2013110211625901203000000014
2013110211625883522000000016
2013110211725901301000000411
2013110211725421217000001476
2013110211725512032000000107
2013110211725212002000000048
2013110211725231268000000007
2013110211725231254000000021
2013110211725231295000000051
2013110211725490204000000662
2013110211725219449000000022
2013110211725219802000000593
2013110211725270422000000300
2013110211725000101000000010
2013110212025293022000001838
2013110212025421217000001323
2013110212025900911000000060
2013110212025512032000000009
2013110212025212002000000066
2013110212025231254000000032
2013110212025000101000000064
2013110212025000401000000032
2013110212125293009000000890
2013110212425181231000000006
2013110212425181232000000006
2013110212425191179000001065
2013110212425212002000000035
2013110212425000301000000167
2013110212426020201000000165
2013110212426293022000000104
2013110212426421318000000018
2013110212426512032000000058
2013110212426883509000000057
2013110212426900911000000519
2013110212526293022000001468
2013110212526421217000000218
2013110212526883512000000987
2013110212526624624000000030
2013110212525000101000000190
2013110212625212002000000012
2013110212625219200000000051
2013110212625219449000000019
2013110212625219802000000025
2013110212625231254000000024
2013110212625231268000000016
2013110212625231295000000005
2013110212625000101000000036
2013110212625292003000000127
2013110212625293022000000192
2013110212625421318000000041
2013110212625490204000000260
2013110212625512032000000092
2013110212625883512000000076
2013110212625901002000000007
2013110212625901301000000032
2013110212625231296000000041
2013110218125212002000000430
2013110218125219200000000874
2013110218125219449000000228
2013110218125231295000000018
2013110218125000101000000173
2013110218125421217000001783
2013110218125581205000000053
2013110218125900911000000056
2013110218125231296000000012
2013110218225421217000000869
2013110218225900911000000063
2013110218225212002000000113
2013110218225623363000000030
2013110218225623928000000020
2013110218225623932000000300
2013110218225624510000000030
2013110218225624512000000040
2013110218225624620000000030
2013110218225624621000000030
2013110218225624632000000030
2013110218225624636000000030
2013110218225624705000000049
2013110218225624707000000030
2013110218225624708000000030
2013110218225219200000000340
2013110218225219449000002634
2013110218226016401000000180
2013110222926219200000000060
2013110222926231254000000397
2013110222926231268000000084
2013110222926231295000000002
2013110222925000101000000072
2013110222925000301000000180
2013110222925000401000000080
2013110222925000601000000226
2013110222925000701000000330
2013110222925292010000000724
2013110222925293022000000477
2013110222925421318000000008
2013110222925490204000000016
2013110222925900911000000030
2013110222925901002000000014
2013110222925901301000001959
2013110222925980500000000130
2013110222925980600000001156
2013110222925981113000000210
2013110222925981213000000300
2013110222925231296000000112
2013110240023210009000004859
2013110240026012009000002103
2013110240025002009000004410
2013110240025002915000000190
2013110240023240009000000115
2013110240023002921000000233
2013110240023220009000002047
2013110240023012909000000220
2013110240025006209000000663
2013110240023011009000000176
2013110240026015509000000120
2013110240025000309000000242
2013110240023230009000001079
2013110242723250111000002126
2013110242723250211000000647
2013110242723270416000000050
2013110242723270417000000437
2013110242726011011000001279
2013110242726012011000000492
2013110250023020110000000158
2013110250023021510000001730
2013110250025000110000003418
2013110250025000710000001192
2013110250026012110000000146
2013110250026002921000000146
2013110250025000310000001952
2013110250023210010000000129
2013110250023270358000000090
2013110250023240010000000052
2013110270725000420000001317
2013110280125219800000000067
2013110280125270328000000066
2013110280125270440000000264
2013110280125293022000000060
2013110280125000113000000360
2013110280125001000000005509
2013110280725001000000000770
2013110280825270335000000066
2013110280825270312000000969
2013110280825270429000000267
2013110280825270419000000264
2013110280825421217000000010
2013110280825771324000000010
2013110280825000113000000279
2013110280825001000000006271
2013110281525219200000000100
2013110281525270310000000262
2013110281525293022000000070
2013110281525421217000000067
2013110281525900911000000050
2013110281525000113000000132
2013110281525001000000003606
2013110281526019032000000075
2013110340026270319000000006
2013110340026270394000000007
2013110340025000113000001427
2013110600125181202000000043
2013110600125181231000000088
2013110600125191179000000169
2013110600125212001000000005
2013110600125212003000000001
2013110600125212004000000056
2013110600125219200000000003
2013110600125270329000000099
2013110600125270391000000040
2013110600125293022000000149
2013110600125421217000000008
2013110600125421318000000062
2013110600125490104000000094
2013110600125512032000000001
2013110600125512033000000001
2013110600125513201000000019
2013110600125000122000000030
2013110600125000138000000099
2013110600125000338000000215
2013110600225181202000000052
2013110600225181231000000108
2013110600225191179000000206
2013110600225212001000000006
2013110600225212003000000001
2013110600225212004000000069
2013110600225219200000000003
2013110600225270329000000121
2013110600225270391000000049
2013110600225293022000000182
2013110600225421217000000009
2013110600225421318000000076
2013110600225490104000000115
2013110600225512032000000001
2013110600225512033000000001
2013110600225513201000000023
2013110600225000122000000036
2013110600225000138000000121
2013110600225000338000000263
2013110600325181202000000019
2013110600325181231000000039
2013110600325191179000000075
2013110600325212001000000002
2013110600325212003000000001
2013110600325212004000000025
2013110600325219200000000001
2013110600325270329000000044
2013110600325270391000000018
2013110600325293022000000066
2013110600325421217000000003
2013110600325421318000000028
2013110600325490104000000042
2013110600325512032000000001
2013110600325512033000000001
2013110600325513201000000008
2013110600325000122000000013
2013110600325000138000000044
2013110600325000338000000096
2013110700125181202000000060
2013110700125181231000000025
2013110700125212002000000515
2013110700125219200000000410
2013110700125219800000000320
2013110700125219802000000310
2013110700125231254000001474
2013110700125231268000001350
2013110700125270422000000200
2013110700125293002000000100
2013110700125293022000002200
2013110700125421318000000005
2013110700125490104000000470
2013110700125490204000000340
2013110700125623363000000010
2013110700125624510000000010
2013110700125624621000000030
2013110700125624631000000010
2013110700125624632000000010
2013110700125624620000000010
2013110700125624705000000030
2013110700125624708000000010
2013110700125624707000000010
2013110700125900911000000510
2013110700125910909000000040
2013110700125000903000000973
2013110700126019031000000030
2013110700126019032000000132
2013110700126019033000000100
2013110700226181231000000051
2013110700226212002000000050
2013110700226219200000000130
2013110700226219300000000182
2013110700226219800000000466
2013110700226231268000000346
2013110700226270422000000040
2013110700226292003000000150
2013110700226293022000000395
2013110700226293002000000100
2013110700226293011000000040
2013110700226421217000000528
2013110700226421318000000010
2013110700226490104000000100
2013110700226581206000000050
2013110700226901301000000180
2013110700226981213000000570
2013110700225000122000000061
2013110700225000904000001031
2013110700226019033000000100
2013110700226019031000000040
2013110700226019032000000067
2013110700326219200000000070
2013110700326219300000000268
2013110700326231268000000948
2013110700326292003000000114
2013110700326421217000000040
2013110700325000905000000627
2013110700326019031000000020
2013110700326019032000000048
2013110990226219300000000121
2013110990226293006000000242
2013110990226490104000000138
2013110990226581205000000138
2013110990226581206000000138
