0000101
0000201
0000301
0000401
0000501
0000601
0000701
0000801
0000901
0001001
0001101
0001301
0001401
0001801
0001901
0002001
0002101
0002201
0002301
0002501
0002901
0003001
0003101
0003301
0003501
0003801
0004001
0004501
0005001
0007001
0007101
0007201
0007701
0008101
0010901
0011701
0020001
0020101
0020201
0020301
0020401
0020501
0021201
0022101
0022201
0022301
0022701
0030301
0040101
0040201
0040301
0040401
0040501
0040601
0040701
0040801
0040901
0041001
0041101
0045001
0045501
0046401
0050101
0050201
0050401
0051001
0052001
0052801
0052901
0053001
0054001
0054101
0055001
0056001
0057001
0059001
0059101
0066401
0069101
0070701
0070801
0072001
0073801
0077201
0080101
0080601
0080801
0081101
0083001
0088001
0090901
0091001
0091101
0092501
0094001
0094101
0095501
0101001
0103501
0104201
0110001
0110101
0110201
0110301
0110401
0110501
0110601
0110701
0110801
0110901
0111001
0111101
0111201
0111301
0111501
0120001
0120101
0120201
0120301
0130101
0130201
0130301
0130401
0130601
0140301
0141001
0142601
0144401
0150101
0150201
0150301
0150401
0150501
0150601
0150701
0151001
0151101
0151201
0151401
0151501
0151601
0151701
0151801
0151901
0152001
0152101
0152201
0152301
0155101
0155201
0155301
0155401
0155501
0155601
0155701
0155801
0155901
0160101
0160201
0160301
0163401
0164001
0164301
0166101
0166201
0166301
0166401
0177101
0177201
0181201
0200101
0200201
0200301
0201201
0201601
0202001
0203701
0220801
0220901
0280101
0280701
0280801
0281501
0282701
0283201
0291001
0300101
0300701
0310001
0310301
0311501
0311601
0316001
0320101
0320301
0320401
0320701
0320901
0321401
0325301
0330101
0330201
0340001
0341001
0550001
0600101
0600201
0600301
0700101
0700201
0700301
0990101
0990201
0990301
0990401
0990501
0990601
0990701
0990801
0991401
0991501
0991601
0991701
0991801
0991901
0992001
0992101
0992201
0992301
1602101
1602201
1602301
2208101
2208201
0181302
0181902
0210002
0210102
0210202
0210302
0210402
0210502
0210702
0210902
0211002
0211602
0211702
0212002
0212102
0212402
0212502
0212602
0218102
0218202
0220102
0220202
0222902
0223102
0230202
0240002
0242702
0250002
0260002
0260102
0260202
0260302
0260402
0260502
0270002
0270102
0270202
0270302
0270402
0270502
0270702
0270902
0271502