20140200001   181232       44.00
20140200001   181231      731.00
20140200001   191179       70.00
20140200001   212003      275.00
20140200001   212002       20.00
20140200001   215020       70.00
20140200001   219206       25.00
20140200001   219800      158.00
20140200001   219802       40.00
20140200001   293007      300.00
20140200001   294001      300.00
20140200001   401303      100.00
20140200001   421318      590.00
20140200001   421319       50.00
20140200001   490104      650.00
20140200001   490105     1935.00
20140200001   510204       50.00
20140200001   512033       10.00
20140200001   513200      150.00
20140200001   514001      570.00
20140200001   591300      120.00
20140200001   900309      500.00
20140200001   900911      225.00
20140200001   901301      200.00
20140200001   912951      200.00
20140200001 26020238      545.00
20140200019   191179       67.00
20140200019   219800      150.00
20140200019   421319       73.00
20140200019   490105      100.00
20140200019   490104      100.00
20140200019   510204      105.00
20140200019   513200      135.00
20140200019   581301        5.00
20140200019   581302      421.00
20140200019   581303        5.00
20140200019   771426       55.00
20140200019   900309      100.00
20140200019   900911       50.00
20140200019 25001000     2306.00
20140200030   191179      658.00
20140200030   900911      184.00
20140200077   181231        5.00
20140200077   191179       20.00
20140200077   401303       25.00
20140200077   421318        5.00
20140200077   490105       43.00
20140200077   510204        5.00
20140200077   513200        5.00
20140200077   581301        5.00
20140200077   581303        5.00
20140200077   581302        5.00
20140200077   591300      330.00
20140200077   771426        5.00
20140200077 25001000     1287.00
20140200077 26019031       10.00
20140200200   101301       76.00
20140200200   181231       21.00
20140200200   181232        1.00
20140200200   191179       52.00
20140200200   215020      179.00
20140200200   219200        6.00
20140200200   219776        5.00
20140200200   219775       41.00
20140200200   219800       77.00
20140200200   293010        3.00
20140200200   421318       80.00
20140200200   490105       48.00
20140200200   513200       23.00
20140200200   514001       15.00
20140200200   591300       17.00
20140200200   771426        5.00
20140200200   900309       30.00
20140200200   900911       61.00
20140200200   901301        5.00
20140200200 25000122        2.00
20140200200 26019031        1.00
20140200203   101301      266.00
20140200203   181231       74.00
20140200203   181232        1.00
20140200203   191179      182.00
20140200203   215020      626.00
20140200203   219200       20.00
20140200203   219776       18.00
20140200203   219775      144.00
20140200203   219800      271.00
20140200203   293010       12.00
20140200203   421318      279.00
20140200203   490105      168.00
20140200203   513200       80.00
20140200203   514001       53.00
20140200203   591300       58.00
20140200203   771426       16.00
20140200203   900309      106.00
20140200203   900911      213.00
20140200203   901301       16.00
20140200203 25000122        8.00
20140200203 26019031        3.00
20140200204   101301      165.00
20140200204   181231       46.00
20140200204   181232        1.00
20140200204   191179      112.00
20140200204   215020      388.00
20140200204   219200       12.00
20140200204   219776       11.00
20140200204   219775       89.00
20140200204   219800      168.00
20140200204   293010        8.00
20140200204   421318      173.00
20140200204   490105      104.00
20140200204   513200       49.00
20140200204   514001       33.00
20140200204   591300       36.00
20140200204   771426       10.00
20140200204   900309       66.00
20140200204   900911      132.00
20140200204   901301       10.00
20140200204 25000122        5.00
20140200204 26019031        2.00
20140200205   101301      127.00
20140200205   181231       35.00
20140200205   181232        1.00
20140200205   191179       86.00
20140200205   215020      298.00
20140200205   219200        9.00
20140200205   219776        8.00
20140200205   219775       68.00
20140200205   219800      129.00
20140200205   293010        6.00
20140200205   421318      133.00
20140200205   490105       80.00
20140200205   513200       38.00
20140200205   514001       25.00
20140200205   591300       28.00
20140200205   771426        8.00
20140200205   900309       51.00
20140200205   900911      102.00
20140200205   901301        8.00
20140200205 25000122        4.00
20140200205 26019031        2.00
20140200212   101301      367.00
20140200212   181231      103.00
20140200212   181232        2.00
20140200212   191179      251.00
20140200212   215020      864.00
20140200212   219200       28.00
20140200212   219776       24.00
20140200212   219775      198.00
20140200212   219800      374.00
20140200212   293010       17.00
20140200212   421318      385.00
20140200212   490105      232.00
20140200212   513200      110.00
20140200212   514001       73.00
20140200212   591300       81.00
20140200212   771426       22.00
20140200212   900309      147.00
20140200212   900911      294.00
20140200212   901301       22.00
20140200212 25000122       11.00
20140200212 26019031        5.00
20140200303   181231      470.00
20140200303   215020       50.00
20140200303   219300     1160.00
20140200303   219449     1935.00
20140200303   219775       15.00
20140200303   219708      600.00
20140200303   219800       60.00
20140200303   219802     2695.00
20140200303   270297      132.00
20140200303   270290      354.00
20140200303   270466      100.00
20140200303   270462      132.00
20140200303   270463      132.00
20140200303   270465       50.00
20140200303   270490       80.00
20140200303   293010       27.00
20140200303   293007      140.00
20140200303   294006      663.00
20140200303   401303      100.00
20140200303   421319       94.00
20140200303   421318     3365.00
20140200303   490105     6212.00
20140200303   490104      250.00
20140200303   512033       40.00
20140200303   513200      280.00
20140200303   513301       10.00
20140200303   514001      100.00
20140200303   591300       60.00
20140200303   900309      412.00
20140200303   900911      300.00
20140200303   901301     1125.00
20140200303   902707      400.00
20140200303   911908       50.00
20140200303 25000122     2500.00
20140200303 25006138       38.00
20140200401   219800     2146.00
20140200401   490105      213.00
20140200401   490104     1657.00
20140200401   591300      295.00
20140200401   624717       30.00
20140200402   181231       40.00
20140200402   191179       25.00
20140200402   212002       40.00
20140200402   212003       45.00
20140200402   219300      300.00
20140200402   219708      200.00
20140200402   219776      160.00
20140200402   219802       50.00
20140200402   219800      393.00
20140200402   421318      230.00
20140200402   490104      605.00
20140200402   490105     1170.00
20140200402   591300     1175.00
20140200402   624416      100.00
20140200402   624415      100.00
20140200402 26019031       40.00
20140200403   181231      443.00
20140200403   191179      488.00
20140200403   512033        4.00
20140200403   900911     2531.00
20140200404   181231      445.00
20140200404   181232       25.00
20140200404   512033        1.00
20140200404   513301      721.00
20140200404   591300      150.00
20140200405   181231      210.00
20140200405   181232        5.00
20140200405   191179      650.00
20140200405   219200       50.00
20140200405   219449       23.00
20140200405   219800      150.00
20140200405   219802      137.00
20140200405   270467      132.00
20140200405   490105      100.00
20140200405   591300       28.00
20140200405   900911      605.00
20140200405   911908       40.00
20140200406   101301      250.00
20140200406   191179       35.00
20140200406   219300       40.00
20140200406   421318      413.00
20140200406   421319     1335.00
20140200406   490105      145.00
20140200406   591300       10.00
20140200406   771426      225.00
20140200406   900118       75.00
20140200406 26019031      105.00
20140200409   181231      501.00
20140200409   191179      289.00
20140200409   900911      769.00
20140200411   181232       85.00
20140200411   181231       20.00
20140200411   219802      200.00
20140200411   293010      103.00
20140200411   421319      270.00
20140200411   490104      295.00
20140200411   490105       65.00
20140200411   513301      155.00
20140200411   591300       30.00
20140200411   771426      100.00
20140200464   181231      100.00
20140200464   219200       60.00
20140200464   219449      420.00
20140200464   219800        7.00
20140200464   270439      154.00
20140200464   421319       66.00
20140200464   421318      120.00
20140200464   490105     1425.00
20140200464   591300      897.00
20140200464   900911       50.00
20140200464   901301       80.00
20140200464   902707      320.00
20140200464   911908       20.00
20140200501   101301       50.00
20140200501   490105      315.00
20140200501   490104      165.00
20140200501   510204      406.00
20140200501   513301      302.00
20140200501   591300       10.00
20140200502   212003      140.00
20140200502   219800      160.00
20140200502   490104      660.00
20140200502   490105      520.00
20140200502   510204      503.00
20140200502   512005      458.00
20140200502   513200      425.00
20140200502   513301     1197.00
20140200528   181231      130.00
20140200528   181232        4.00
20140200528   219200      120.00
20140200528   219300      145.00
20140200528   219449      185.00
20140200528   219800       15.00
20140200528   293010       11.00
20140200528   421319      155.00
20140200528   421318      295.00
20140200528   490104      495.00
20140200528   490105      535.00
20140200528   512033        5.00
20140200528   591300      430.00
20140200528   911908       35.00
20140200528 23220038      120.00
20140200528 26019031       10.00
20140200529   219200      340.00
20140200529   219800        7.00
20140200529   421318      349.00
20140200529   421319      220.00
20140200529   490105      530.00
20140200529   591300      300.00
20140200529   771426       10.00
20140200529 26019033      205.00
20140200591   181231      155.00
20140200591   215016      475.00
20140200591   219300      410.00
20140200591   270466      123.00
20140200591   270465      113.00
20140200591   270468      100.00
20140200591   270467      130.00
20140200591   401303      150.00
20140200591   421318      479.00
20140200591   490105      800.00
20140200591 25000122      267.00
20140200707   181232       15.00
20140200707   181231      249.00
20140200707   219300       40.00
20140200707   219800      130.00
20140200707   421318     1869.00
20140200707   421319      560.00
20140200707   490104      125.00
20140200707   490105     2290.00
20140200707   512033        5.00
20140200707   513200      250.00
20140200707   513301      300.00
20140200707   591300       75.00
20140200707   900309      200.00
20140200707   900911       10.00
20140200708   421318      210.00
20140200708   490105      200.00
20140200720   181232       70.00
20140200720   219200      445.00
20140200720   219800        7.00
20140200720   293007      900.00
20140200720   421318      495.00
20140200720   490105      320.00
20140200720   591300       80.00
20140200720   901301      805.00
20140200720 26019033      100.00
20140200738   181231        5.00
20140200738   219300      275.00
20140200738   219800        7.00
20140200738   270490      234.00
20140200738   270465      100.00
20140200738   270466      200.00
20140200738   421318       85.00
20140200738   490105      730.00
20140200738   490104       60.00
20140200738   912951      500.00
20140200772   181232      224.00
20140200772   181231      708.00
20140200772   219300       40.00
20140200772   219800       23.00
20140200772   421318      330.00
20140200772   421319       90.00
20140200772   490105      452.00
20140200772   490104       33.00
20140200772   512033        5.00
20140200772   591300       95.00
20140200772   900911      174.00
20140200772 26019031        7.00
20140200801   181231      200.00
20140200801   219206      268.00
20140200801   219300      800.00
20140200801   219449      190.00
20140200801   270439       30.00
20140200801   293009      450.00
20140200801   293002      440.00
20140200801   421318      590.00
20140200801   490105     2295.00
20140200801   771426      204.00
20140200801   901301       40.00
20140200801   902707      350.00
20140200801 25000122      361.00
20140200801 26019033       33.00
20140200806   181231      380.00
20140200806   191179      104.00
20140200806   421318      285.00
20140200806   421319       50.00
20140200806   512033        6.00
20140200806   900911      241.00
20140200808   181231      135.00
20140200808   181232      110.00
20140200808   191179      105.00
20140200808   219300      120.00
20140200808   219449      265.00
20140200808   219802       10.00
20140200808   219800      215.00
20140200808   293010       49.00
20140200808   421319      288.00
20140200808   421318      292.00
20140200808   490105     1305.00
20140200808   512033        6.00
20140200808   591300      312.00
20140200808   883512      109.00
20140200808   900309      400.00
20140200808   900911       50.00
20140200808   911908      266.00
20140200808 26019031        7.00
20140200811   181232       55.00
20140200811   181231       85.00
20140200811   191179      155.00
20140200811   215016       30.00
20140200811   219449       50.00
20140200811   219800       10.00
20140200811   293010       54.00
20140200811   421318      230.00
20140200811   421319      165.00
20140200811   490105      190.00
20140200811   512033      112.00
20140200811   513200      100.00
20140200811   513301       10.00
20140200811   591300       25.00
20140200811   900911      104.00
20140200811 26019031        7.00
20140200830   181231      655.00
20140200830   191179      180.00
20140200830   219776      100.00
20140200830   270439      130.00
20140200830   270502      360.00
20140200830   292016       60.00
20140200830   490105      110.00
20140200830   512033       10.00
20140200830   513301       80.00
20140200830   591300       10.00
20140200830   900911     1227.00
20140200830 25000122      109.00
20140200880   219206       45.00
20140200880   219300     1080.00
20140200880   219449      170.00
20140200880   219776      150.00
20140200880   219802      235.00
20140200880   219800      331.00
20140200880   270439      322.00
20140200880   293007      150.00
20140200880   293002      485.00
20140200880   581301       10.00
20140200880   591300       45.00
20140200880   902707      200.00
20140200880 26019031        7.00
20140200909   401303      750.00
20140200909   421318       50.00
20140200909   421319       12.00
20140200909   490105      290.00
20140200909   591300      375.00
20140200909 26019031      313.00
20140200910   181231       58.00
20140200910   181232        5.00
20140200910   191179     1205.00
20140200910   900911      225.00
20140200911   181232      340.00
20140200911   181231      103.00
20140200911   191179      190.00
20140200911   401303      340.00
20140200911   421318      320.00
20140200911   490105      140.00
20140200911   513301       50.00
20140200925   181232       10.00
20140200925   181231      442.00
20140200925   191179     1286.00
20140200925   219300      600.00
20140200925   219776       67.00
20140200925   219775       33.00
20140200925   293010       14.00
20140200925   401303      500.00
20140200925   421319      140.00
20140200925   490105       65.00
20140200925   490104       70.00
20140200925   490204      217.00
20140200925   512033       26.00
20140200925   591300      110.00
20140200925   900911     1361.00
20140200940   181231        5.00
20140200940   191179       70.00
20140200940   219800       40.00
20140200940   293010       19.00
20140200940   421318      285.00
20140200940   490104      516.00
20140200940   490105      565.00
20140200940   512033        1.00
20140200940   591300      397.00
20140200940   900911       40.00
20140200940   901301       66.00
20140200940 25000138      423.00
20140200940 25000122      243.00
20140200941   101301       50.00
20140200941   181231       15.00
20140200941   293010       68.00
20140200941   421319      275.00
20140200941   490105      400.00
20140200941   490104      300.00
20140200941   510204      895.00
20140200941   512033       16.00
20140200941   513200      200.00
20140200941   513301      105.00
20140200941   591300       10.00
20140200941   771426      100.00
20140200941   900118       50.00
20140200941   900911       65.00
20140200955   219800        7.00
20140200955   421319       95.00
20140200955   513200      990.00
20140200955   591300       10.00
20140200955 26016138      160.00
20140201035   212003      125.00
20140201035   219776      450.00
20140201035   490104      860.00
20140201035   490105      905.00
20140201035   591300      245.00
20140201035 26019031      250.00
20140201042   581303      147.00
20140201042   581301     1595.00
20140201042   581302      986.00
20140201042 25001000      416.00
20140201042 26019033      900.00
20140201200   191179      300.00
20140201200   900911      961.00
20140201200 26020038      696.00
20140201301   219200      606.00
20140201301   219300      444.00
20140201301   219449       74.00
20140201301   219800      443.00
20140201302   219200      303.00
20140201302   219300      222.00
20140201302   219449       37.00
20140201302   219800      222.00
20140201303   219200      505.00
20140201303   219300      370.00
20140201303   219449       61.00
20140201303   219800      369.00
20140201403   421318       20.00
20140201403   490104       20.00
20140201403   581302       20.00
20140201403   591300       10.00
20140201403   771426       10.00
20140201403 25001000     1334.00
20140201426   101301      100.00
20140201426   181232      105.00
20140201426   181231       70.00
20140201426   212003       10.00
20140201426   219800        8.00
20140201426   421318      332.00
20140201426   421319       24.00
20140201426   490105      590.00
20140201426   490104       40.00
20140201426   512033       21.00
20140201426   591300      240.00
20140201426   900911      215.00
20140201444   101301      290.00
20140201444   181231       25.00
20140201444   191179      400.00
20140201444   219200      140.00
20140201444   219800      190.00
20140201444   421319      230.00
20140201444   421318       50.00
20140201444   490104       20.00
20140201444   581302       20.00
20140201444   591300      175.00
20140201444   771426       50.00
20140201444   900911      180.00
20140201444 25000138      190.00
20140201551   211361     1147.00
20140201551   212003      266.00
20140201551   219200      329.00
20140201551   219300      246.00
20140201551   901301      332.00
20140201552   490104     1531.00
20140201554   219300      480.00
20140201555   490104      320.00
20140201556   581301      280.00
20140201557   513200      320.00
20140201558   900309      888.00
20140201559   219200     1141.00
20140201602   101301      324.00
20140201602   181231      193.00
20140201602   191179       80.00
20140201602   292016        5.00
20140201602   301402      747.00
20140201602   301406       69.00
20140201602   301401       13.00
20140201602   311309       51.00
20140201602   311308      191.00
20140201602   311312      143.00
20140201602   421318       20.00
20140201602   421319      914.00
20140201602   490105        1.00
20140201602   771426      750.00
20140201602   900118      169.00
20140201602   900911      203.00
20140201602 26019031        2.00
20140201634   101301      371.00
20140201634   181231      220.00
20140201634   191179       91.00
20140201634   292016        6.00
20140201634   301402      853.00
20140201634   301406       78.00
20140201634   301401       15.00
20140201634   311309       58.00
20140201634   311308      218.00
20140201634   311312      163.00
20140201634   421318       23.00
20140201634   421319     1044.00
20140201634   490105        1.00
20140201634   771426      857.00
20140201634   900118      193.00
20140201634   900911      232.00
20140201634 26019031        2.00
20140201640   101301      232.00
20140201640   181231      138.00
20140201640   191179       57.00
20140201640   292016        4.00
20140201640   301402      533.00
20140201640   301406       49.00
20140201640   301401        9.00
20140201640   311309       36.00
20140201640   311308      136.00
20140201640   311312      102.00
20140201640   421318       14.00
20140201640   421319      653.00
20140201640   490105        1.00
20140201640   771426      536.00
20140201640   900118      120.00
20140201640   900911      145.00
20140201640 26019031        1.00
20140201643   101301      371.00
20140201643   181231      220.00
20140201643   191179       91.00
20140201643   292016        6.00
20140201643   301402      853.00
20140201643   301406       78.00
20140201643   301401       15.00
20140201643   311309       58.00
20140201643   311308      218.00
20140201643   311312      163.00
20140201643   421318       23.00
20140201643   421319     1044.00
20140201643   490105        1.00
20140201643   771426      857.00
20140201643   900118      193.00
20140201643   900911      232.00
20140201643 26019031        2.00
20140201661   191179      600.00
20140201661   900911     1600.00
20140201662   181231     1064.00
20140201663   512033      480.00
20140201664   900911      319.00
20140201771   421318     1579.00
20140201771   421319      541.00
20140201772   421319       50.00
20140201772   421318      109.00
20140201813 25003012     1760.00
20140202012   191179       75.00
20140202012   292003       20.00
20140202012   293009       20.00
20140202012   421319      200.00
20140202012   421318       30.00
20140202012   490104      106.00
20140202012   490105      100.00
20140202012   591300       10.00
20140202012   883509       80.00
20140202012   900911       60.00
20140202012 26019031       85.00
20140202012 26019006     5167.00
20140202016   401303      460.00
20140202016   421319        4.00
20140202016   490105      110.00
20140202016   490104      270.00
20140202016   513200      100.00
20140202016   591300      265.00
20140202016   771426        4.00
20140202016   900309      200.00
20140202016 26019031     2085.00
20140202037   181231       15.00
20140202037   191179        5.00
20140202037   212003      120.00
20140202037   401303       60.00
20140202037   421318      215.00
20140202037   490105       33.00
20140202037   490104      310.00
20140202037   510204        5.00
20140202037   513200        5.00
20140202037   581301      905.00
20140202037   581302        5.00
20140202037   581303        5.00
20140202037   591300       10.00
20140202037   771426       60.00
20140202037 26019033     1793.00
20140202037 26019031      200.00
20140202102   293009      424.00
20140202102   292003       38.00
20140202102   883506       20.00
20140202102   901301     1405.00
20140202102   421319     1808.00
20140202102   900911       11.00
20140202102   212003      122.00
20140202102   181231      873.00
20140202102   181232       52.00
20140202102   490104      180.00
20140202102   490105      126.00
20140202102   231298       92.00
20140202102 25000101       16.00
20140202102 25000301       32.00
20140202102 25000601       16.00
20140202104   883583      336.00
20140202104   883581      203.00
20140202104   219708      406.00
20140202104   581301       10.00
20140202104   421319       82.00
20140202104   900911      140.00
20140202104   490104       57.00
20140202104   490105      141.00
20140202104   219200       85.00
20140202104 25000101       16.00
20140202104 25000301       12.00
20140202105   883583       71.00
20140202105   883581      162.00
20140202105   219708      249.00
20140202105   292003       17.00
20140202105   902707        4.00
20140202105   980014       16.00
20140202105   980500       41.00
20140202105   980513       50.00
20140202105   981113       17.00
20140202105   901301      151.00
20140202105   421319      234.00
20140202105   900911       11.00
20140202105   101301        1.00
20140202105   512032       18.00
20140202105   510204        2.00
20140202105   181231      112.00
20140202105   181232       21.00
20140202105   490104      111.00
20140202105   490105      173.00
20140202105   490204      105.00
20140202105   219200        7.00
20140202105   219802       33.00
20140202105   231298       25.00
20140202105 25000310        5.00
20140202105 25000101     1010.00
20140202105 25000301       23.00
20140202105 26020201        4.00
20140202107   883581      580.00
20140202107   219708      320.00
20140202107   293009      380.00
20140202107   292003       26.00
20140202107   902707       28.00
20140202107   980200       18.00
20140202107   901301      184.00
20140202107   421319      299.00
20140202107   900911       11.00
20140202107   510204        9.00
20140202107   490104       30.00
20140202107   490105      314.00
20140202107   490204      376.00
20140202107   219200      250.00
20140202107   219802       16.00
20140202107   231298       35.00
20140202107   231305      120.00
20140202107 25000122        6.00
20140202107 25000905      130.00
20140202107 25000101      130.00
20140202107 25000301       64.00
20140202107 25000401      235.00
20140202109   883583      159.00
20140202109   902707        4.00
20140202109   421318        7.00
20140202109   900911       48.00
20140202109   512032        4.00
20140202109   212003        5.00
20140202109   181231      138.00
20140202109   490104       48.00
20140202109   490105      181.00
20140202109   490204       29.00
20140202109   219802        4.00
20140202109 25000420       54.00
20140202109 25000101       12.00
20140202109 25000301       28.00
20140202109 25000401      160.00
20140202109 25000601       16.00
20140202109 25000701       16.00
20140202110   212003      120.00
20140202110   292010       50.00
20140202110   421319     1435.00
20140202110   490104       44.00
20140202110   490105      480.00
20140202110   490204       64.00
20140202110   900911       14.00
20140202110   981113       80.00
20140202110   510204       36.00
20140202116   883581        9.00
20140202116   219708       22.00
20140202116   883506        4.00
20140202116   883509       51.00
20140202116   901301      385.00
20140202116   421319      964.00
20140202116   101301       24.00
20140202116   490104       48.00
20140202116   490105      360.00
20140202116   490204     1152.00
20140202116   624621       40.00
20140202116   624631       20.00
20140202116   219802      263.00
20140202116 23250211       34.00
20140202116 25000101       32.00
20140202117   591300        8.00
20140202117   883582       38.00
20140202117   883581      214.00
20140202117   901301      198.00
20140202117   421319      702.00
20140202117   900911     1035.00
20140202117   101301       54.00
20140202117   512032      183.00
20140202117   212003       77.00
20140202117   490104       42.00
20140202117   490105      833.00
20140202117   490204       96.00
20140202117   219300       28.00
20140202117   219200       16.00
20140202117 25000101      320.00
20140202117 25000301       60.00
20140202120   421319      617.00
20140202120   900911      109.00
20140202120   181231      762.00
20140202120   181232      370.00
20140202120   490105     1715.00
20140202120   490204       80.00
20140202120   219200       66.00
20140202120   219802       67.00
20140202120   231298      145.00
20140202120 25000101       64.00
20140202120 25000401       32.00
20140202121   293009      890.00
20140202124   191179      533.00
20140202124   883506      139.00
20140202124   883509       22.00
20140202124   421318       46.00
20140202124   900911     1774.00
20140202124   512032       12.00
20140202124   181232       12.00
20140202124   490105       58.00
20140202124   219200        3.00
20140202124   219802       32.00
20140202124 26020201      166.00
20140202125   883506      300.00
20140202125   421319      480.00
20140202125   490105     1933.00
20140202125   883512      457.00
20140202125 25000101      190.00
20140202126   883582        9.00
20140202126   883581       71.00
20140202126   292003        8.00
20140202126   902707        5.00
20140202126   901301      100.00
20140202126   421319      216.00
20140202126   900911      169.00
20140202126   101301       21.00
20140202126   512032       61.00
20140202126   212003      135.00
20140202126   883512       80.00
20140202126   490204      288.00
20140202126 23250211        2.00
20140202126 25000905       32.00
20140202126 25000301       56.00
20140202181   581301      535.00
20140202181   421318      886.00
20140202181   900911      119.00
20140202181   101301      257.00
20140202181   212003       32.00
20140202181   490104      509.00
20140202181   490105      453.00
20140202181   623932      182.00
20140202181   219200      334.00
20140202181   219802      396.00
20140202181 25000101      173.00
20140202182   101301       20.00
20140202182   212003       80.00
20140202182   212003       50.00
20140202182   219200     1443.00
20140202182   219206       95.00
20140202182   219300      629.00
20140202182 26016401      180.00
20140202182   421319      432.00
20140202182   490104        4.00
20140202182   490105      525.00
20140202182   623309       45.00
20140202182   623354       40.00
20140202182   623355       40.00
20140202182   623928      100.00
20140202182   623932       48.00
20140202182   623933       15.00
20140202182   623934       15.00
20140202182   624310       45.00
20140202182   624405       40.00
20140202182   624417       40.00
20140202182   624418       40.00
20140202182   624630       40.00
20140202182   624638       30.00
20140202182   624719       30.00
20140202182   624801       40.00
20140202182   624805       30.00
20140202182   624806       30.00
20140202182   900911       20.00
20140202182   219449     1411.00
20140202229   980500       17.00
20140202229   980600     1796.00
20140202229   421318      125.00
20140202229   900911       76.00
20140202229   510204       20.00
20140202229   181232      420.00
20140202229   490104       44.00
20140202229   490105      407.00
20140202229   292010      676.00
20140202229 26020236       85.00
20140202229 25000101       80.00
20140202229 25000301      164.00
20140202229 25000401       80.00
20140202229 25000601      160.00
20140202229 25000701      330.00
20140202400 23210009     4678.00
20140202400 26012009     1778.00
20140202400 25002009     4230.00
20140202400   002915      398.00
20140202400 23240009      189.00
20140202400   002921      269.00
20140202400 23220009     2155.00
20140202400 25006209      840.00
20140202400 26015509      100.00
20140202400 25000309      310.00
20140202400 23230009      999.00
20140202427 23250111     1898.00
20140202427 23250211     1187.00
20140202427 26011011     1096.00
20140202427 26012011      480.00
20140202500 23020110      721.00
20140202500 23021510      893.00
20140202500 25000110     3686.00
20140202500 25000710     1425.00
20140202500 26012110      146.00
20140202500   002921       50.00
20140202500 25000310     1902.00
20140202500 26016410      100.00
20140202707 25000420     1325.00
20140202801   270480      132.00
20140202801   490105       30.00
20140202801 25000113      891.00
20140202801 25001000     5295.00
20140202807   513301      100.00
20140202807   900911       60.00
20140202807 25001000      704.00
20140202808   270464      308.00
20140202808   421319       10.00
20140202808   771426       10.00
20140202808 25000113      100.00
20140202808 25001000     5940.00
20140202815   219800      100.00
20140202815   421319       67.00
20140202815   490104      100.00
20140202815   490105      100.00
20140202815   591300       10.00
20140202815   900911       50.00
20140202815 25000113      264.00
20140202815 25001000     3718.00
20140202815 26019032       73.00
20140203400 25000113     1141.00
20140206001   181231       71.00
20140206001   181232        6.00
20140206001   219800        2.00
20140206001   292016        1.00
20140206001   421318       26.00
20140206001   421319       19.00
20140206001   490105      171.00
20140206001   512033       15.00
20140206001   591300      133.00
20140206001   900911       30.00
20140206001 25000122      348.00
20140206002   181231       86.00
20140206002   181232        7.00
20140206002   219800        3.00
20140206002   292016        1.00
20140206002   421318       32.00
20140206002   421319       23.00
20140206002   490105      209.00
20140206002   512033       18.00
20140206002   591300      163.00
20140206002   900911       37.00
20140206002 25000122      425.00
20140206003   181231       31.00
20140206003   181232        3.00
20140206003   219800        1.00
20140206003   292016        1.00
20140206003   421318       12.00
20140206003   421319        8.00
20140206003   490105       76.00
20140206003   512033        7.00
20140206003   591300       59.00
20140206003   900911       13.00
20140206003 25000122      155.00
20140207001   181231      340.00
20140207001   212003      140.00
20140207001   215016       30.00
20140207001   219200      120.00
20140207001   219206       40.00
20140207001   219449       70.00
20140207001   219776      400.00
20140207001   219800       50.00
20140207001   219802      513.00
20140207001   292003      100.00
20140207001   421319     1485.00
20140207001   490104      485.00
20140207001   490105     1643.00
20140207001   490204      170.00
20140207001   512033        5.00
20140207001   581301       15.00
20140207001   591300      240.00
20140207001   623355        5.00
20140207001   623354        5.00
20140207001   623932       15.00
20140207001   624405        5.00
20140207001   624417        5.00
20140207001   624418        5.00
20140207001   624638       10.00
20140207001   624630        5.00
20140207001   624719       10.00
20140207001   624801        5.00
20140207001   624804       30.00
20140207001   624806       10.00
20140207001   624805       10.00
20140207001   883506      107.00
20140207001   900911      225.00
20140207001   902707      120.00
20140207001 25000903      973.00
20140207001 26019031       25.00
20140207001 26019032      132.00
20140207001 26019033      230.00
20140207002   181231      155.00
20140207002   219449       80.00
20140207002   219800      130.00
20140207002   292003      250.00
20140207002   293002       15.00
20140207002   421318       50.00
20140207002   421319      263.00
20140207002   490104       60.00
20140207002   490105      190.00
20140207002   490204       40.00
20140207002   591300       10.00
20140207002   624415      130.00
20140207002   624416      130.00
20140207002   901301      197.00
20140207002 25000122       74.00
20140207002 25000904     1261.00
20140207002 26019031        7.00
20140207002 26019032       64.00
20140207002 26019033       67.00
20140207003   181231       30.00
20140207003   219800       60.00
20140207003   292003      644.00
20140207003   421319       50.00
20140207003   490105      150.00
20140207003 25000905      834.00
20140207003 26019031        7.00
20140207003 26019032       46.00
20140209902   294001     1456.00
20140209902   490104      138.00
20140209902   513200      135.00
20140209902   581301       90.00
20140209902   581302       90.00
