2013110000107730
2013110001902840
2013110003002324
2013110007701290
2013110020000640
2013110020302376
2013110020401708
2013110020501224
2013110021203152
2013110030319860
2013110040102832
2013110040203140
2013110040302508
2013110040402208
2013110040501832
2013110040602070
2013110040901120
2013110041101328
2013110046402476
2013110050101392
2013110050203696
2013110052802676
2013110052901216
2013110059103455
2013110070706248
2013110070801197
2013110072002232
2013110073802029
2013110077202320
2013110080105788
2013110080601034
2013110080804296
2013110081102237
2013110083004283
2013110088003472
2013110090901488
2013110091001632
2013110091101832
2013110092503876
2013110094002220
2013110094102260
2013110095501200
2013110103501912
2013110104202704
2013110120001600
2013110130101056
2013110130200808
2013110130301240
2013110140301532
2013110142602517
2013110144402104
2013110155102312
2013110155201524
2013110155400480
2013110155600272
2013110155700320
2013110155800824
2013110155900896
2013110160202638
2013110163403168
2013110164002104
2013110164302957
2013110166101864
2013110166200960
2013110166300400
2013110166400288
2013110177102158
2013110177200088
2013110181302344
2013110201200080
2013110201602880
2013110203702722
2013110210204860
2013110210401100
2013110210502180
2013110210704488
2013110210904432
2013110211001916
2013110211602478
2013110211702952
2013110212003338
2013110212402408
2013110212502004
2013110212600760
2013110218103240
2013110218205032
2013110222908140
2013110240017349
2013110242703152
2013110250007891
2013110280105236
2013110280700768
2013110280806289
2013110281503447
2013110340001753
2013110600100952
2013110600200960
2013110600300539
2013110700109293
2013110700204848
2013110700301556
