20131100001 8461.9000056000000120
20131100002    0.0000000000002740
20131100003    0.0000000000000526
20131100004    0.0000000000000528
20131100005    0.0000000000000000
20131100006    0.0000000000000528
20131100007    0.0000000000000872
20131100008    0.0000000000001928
20131100009    0.0000000000002368
20131100010    0.0000000000001064
20131100011    0.0000000000000816
20131100013    0.0000000000000528
20131100014    0.0000000000000808
20131100018    0.0000000000000480
20131100019 3296.0000000000000000
20131100020    0.0000024000000464
20131100021    0.0000000000001208
20131100022    0.0000000000000856
20131100023    0.0000000000001888
20131100025    0.0000000000000000
20131100029    0.0000000000000720
20131100030 2547.0000272000000000
20131100031    0.0000000000002072
20131100033    0.0000000000000000
20131100035    0.0000000000000880
20131100038    0.0000000000001064
20131100040    0.0000000000000680
20131100045    0.0000000000000176
20131100050    0.0000000000001328
20131100070    0.0000000000000000
20131100071    0.0000000000000000
20131100072    0.0000000000000000
20131100077 1182.4000000000000000
20131100081    0.0000000000000352
20131100109    0.0000000000000624
20131100117    0.0000000000001766
20131100200  572.0000000000000288
20131100201  572.0000000000000000
20131100202  572.0000000000000000
20131100203 2770.4000032000000000
20131100204 1966.6000000000000000
20131100205 1291.4000000000000000
20131100212 3517.9000000000000087
20131100221 3517.9000000000000000
20131100222 3517.9000000000000000
20131100223 3517.9000000000000000
20131100227 3517.9000000000000000
2013110030322774.8000024000000352
20131100401 3355.1000000000000000
20131100402 3870.6000016000000000
20131100403 2556.9000000000000128
20131100404 2274.7000024000000000
20131100405 1960.0000000000000000
20131100406 2422.4000000000000000
20131100407 2422.4000000000000000
20131100408 2422.4000000000000000
20131100409 1308.0000000000000000
20131100410 1308.0000000000000000
20131100411 1518.6000032000000352
20131100450 1518.6000000000000000
20131100455 1518.6000000000000000
20131100464 2836.5000032000000088
20131100501 1543.3000000000000000
20131100502 3990.6000000000000312
20131100504 3990.6000000000000000
20131100510    0.0000000000006623
20131100520    0.0000000000000000
20131100528 3133.6000000000000000
20131100529 1584.0000000000000000
20131100530    0.0000000000003248
20131100540    0.0000000000003475
20131100541    0.0000000000000000
20131100550    0.0000000000002071
20131100560    0.0000352000003416
20131100570    0.0000000000001764
20131100590    0.0000000000000456
20131100591 3719.0000000000000232
20131100664 3719.0000000000000000
20131100691 3719.0000000000000000
20131100707 6538.4000128000000000
20131100708 1309.6000000000000000
20131100720 2648.0000024000000000
20131100738 2275.2000048000000000
20131100772 2512.0000000000000000
20131100801 6622.8000152000000116
20131100806 1068.0000000000000000
20131100808 4498.3000048000000352
20131100811 2672.3000000000000000
20131100830 4642.3000000000000000
20131100880 3877.2000000000000000
20131100909 1646.4000040000000000
20131100910 1648.0000000000000000
20131100911 1935.3000000000000176
20131100925 4443.8000072000000128
20131100940 2528.0000160000000000
20131100941 2368.0000000000000176
20131100955 1258.4000016000000000
20131101010 1258.4000000000000000
20131101035 2472.0000016000000216
20131101042 2840.0000120000000000
20131101100    0.0000000000000976
20131101101    0.0000000000000824
20131101102    0.0000000000000472
20131101103    0.0000000000000176
20131101104    0.0000176000000864
20131101105    0.0000000000000488
20131101106    0.0000000000001493
20131101107    0.0000000000000848
20131101108    0.0000000000000296
20131101109    0.0000000000000528
20131101110    0.0000000000000384
20131101111    0.0000000000001448
20131101112    0.0000000000000488
20131101113    0.0000000000000200
20131101115    0.0000000000000000
20131101200 1632.0000000000000000
20131101201 1632.0000000000000000
20131101202 1632.0000000000000000
20131101203 1632.0000000000000000
20131101301 1396.0000000000000000
20131101302  960.0000000000000000
20131101303 1352.0000000000000000
20131101304 1352.0000000000000000
20131101306 1352.0000000000000000
20131101403 1662.7000000000000000
20131101410 1662.7000000000000000
20131101426 2466.4000000000000176
20131101444 2404.5000000000000176
20131101501 2404.5000000000000000
20131101502 2404.5000000000000000
20131101503 2404.5000000000000000
20131101504 2404.5000000000000000
20131101505 2404.5000000000000000
20131101506 2404.5000000000000000
20131101507 2404.5000000000000000
20131101510 2404.5000000000000000
20131101511 2404.5000000000000000
20131101512 2404.5000000000000000
20131101514 2404.5000000000000000
20131101515 2404.5000000000000000
20131101516 2404.5000000000000000
20131101517 2404.5000000000000000
20131101518 2404.5000000000000000
20131101519 2404.5000000000000000
20131101520 2404.5000000000000000
20131101521 2404.5000000000000000
20131101522 2404.5000000000000000
20131101523 2404.5000000000000000
20131101551 2592.0000088000000000
20131101552 1736.1000024000000000
20131101553 1736.1000000000000000
20131101554  504.0000000000000000
20131101555    0.0000000000000352
20131101556  304.0000000000000000
20131101557  352.0000000000000000
20131101558 1008.0000176000000000
20131101559  976.0000080000000000
20131101601    0.0000064000000288
20131101602 3132.9000040000000176
20131101634 3280.0000536000000000
20131101640 2261.9000000000000000
20131101643 3469.9000016000000216
20131101661 2416.0000000000000000
20131101662 1064.0000000000000000
20131101663  528.0000000000000000
20131101664  352.0000000000000000
20131101771 2512.0000016000000000
20131101772  136.0000032000000000
20131101812    0.0000000000002022
20131101813 2621.2000000000000000
20131101819    0.0000000000018791
20131102001    0.0000136000003976
20131102002    0.0000024000003359
20131102003    0.0000000000006777
20131102012  160.0000000000005686
20131102016 3048.0000000000000000
20131102020    0.0000000000006882
20131102037 3132.0000032000000000
20131102100    0.0000152000001808
20131102101    0.0000000000000000
20131102102 5092.0000000000002732
20131102103    0.0000152000003043
20131102104 1200.0000000000000263
20131102105 2279.3000000000001544
20131102107 4681.7000000000003185
20131102109 4907.3000000000002471
20131102110 2166.4000000000000000
20131102116 2740.0000000000001071
20131102117 3391.3000000000002112
20131102120 3753.6000000000001910
20131102121    0.0000000000000704
20131102124 2716.8000000000001052
20131102125 2155.6000000000001166
20131102126 1008.0000000000000496
20131102181 4104.0000000000002240
20131102182 5552.0000000000001175
20131102201    0.0000000000001856
20131102202    0.0000000000001260
20131102208    0.0000000000000000
20131102209    0.0000000000000000
20131102229 8348.0000000000002970
20131102231    0.0000000000004834
20131102302    0.0000000000001032
2013110240019432.0000000000008778
20131102427 3086.6000000000002112
20131102500 8865.7000000000002686
20131102600    0.0000000000000352
20131102601    0.0000000000004391
20131102602    0.0000000000004000
20131102603    0.0000352000003210
20131102604    0.0000000000000528
20131102605    0.0000000000000221
20131102700    0.0000000000000528
20131102701    0.0000000000001360
20131102702    0.0000000000002864
20131102703    0.0000000000001143
20131102704    0.0000536000014031
20131102705    0.0000000000000000
20131102707    0.0000000000001520
20131102709    0.0000000000000704
20131102715    0.0000000000000000
20131102801 5991.0000000000000120
20131102807  738.4000000000000000
20131102808 7019.3000000000000000
20131102815 4014.4000000000000128
20131102827 4014.4000000000000000
20131102832 4014.4000000000000000
20131102910 4014.4000000000000000
20131103001 4014.4000000000000000
20131103007    0.0000000000000312
20131103100    0.0000000000001542
20131103103    0.0000000000002673
20131103115    0.0000000000000168
20131103116    0.0000000000000000
20131103160    0.0000000000005192
20131103201    0.0000088000004840
20131103203    0.0000000000001880
20131103204    0.0000000000048361
20131103207    0.0000000000000352
20131103209    0.0000000000001120
20131103214    0.0000000000002840
20131103253    0.0000000000001408
20131103301    0.0000000000004209
20131103302    0.0000000000001083
20131103400 1898.1000000000000000
20131103410 1898.1000000000000000
20131105500    0.0000000000000288
20131105501    0.0000000000000496
20131105502    0.0000000000000952
20131105503    0.0000000000000176
20131106001 1176.0000136000000176
20131106002  916.0000336000000352
20131106003  449.6000000000000000
2013110700110006.4000048000000000
20131107002 5495.3000000000000000
20131107003 1763.2000000000000000
20131109901 1763.2000000000000000
20131109902 1763.2000000000000000
20131109903 1763.2000000000000000
20131109904 1763.2000000000000000
20131109905 1763.2000000000000000
20131109906 1763.2000000000000000
20131109907 1763.2000000000000000
20131109908 1763.2000000000000000
20131109914 1763.2000000000000000
20131109915 1763.2000000000000000
20131109916 1763.2000000000000000
20131109917 1763.2000000000000000
20131109918 1763.2000000000000000
20131109919 1763.2000000000000000
20131109920 1763.2000000000000000
20131109921 1763.2000000000000000
20131109922 1763.2000000000000000
20131109923 1763.2000000000000000
20131116021 1763.2000000000000000
20131116022 1763.2000000000000000
20131116023 1763.2000000000000000
20131122081    0.0000000000001488
20131122082    0.0000000000003103
