1
2
3
4
6
99
100
101
102
103
104
105
111
112
113
114
133
141
142
143
144
145
147
148
149
152
153
155
157
158
160
161
162
163
164
165
166
167
168
169
170
171
172
173
182
193
195
196
197
200
201
202
203
206
208
210
211
212
213
214
215
216
217
220
221
222
223
224
225
230
231
241
242
243
244
245
300
301
302
303
304
305
306
307
308
309
310
311
312
313
314
315
316
317
319
320
322
323
324
327
328
331
341
342
358
359
360
361
362
380
381
382
383
401
403
404
405
406
407
451
452
500
503
504
505
506
507
508
510
518
519
520
521
522
523
524
525
526
527
540
542
550
552
553
560
561
600
601
602
603
604
605
606
607
608
609
610
611
612
613
614
615
616
617
620
630
644
645
700
701
702
703
704
705
706
707
708
709
710
801
802
805
811
812
814
817
818
819
820
821
830
831
832
833
834
835
850
901
902
903
904
905
908
911
912
914
915
916
917
918
920
921
922
923
924
925
926
927
928
929
930
931
933
934
941
942
944
946
954
955
957
959
968
970
971
972
973
974
975
976
977
978
979
980
991