900948  
900945  
900116  
900117  
421200  
421217  
771221  
771223  
771324  
401201  
401202  
900148  
900147  
512007  
191178  
512010  
181202  
181231  
181232  
901203  
901212  
212001  
212002  
212004  
212003  
901215  
510104  
211323  
211211  
211212  
211213  
211214  
211215  
211216  
211232  
211203  
211204  
211201  
211202  
211247  
211248  
211241  
211242  
211223  
211244  
211245  
211246  
211243  
211234  
211249  
211345  
211252  
211253  
211361  
211362  
581205  
581206  
581207  
512036  
512004  
510203  
512101  
512100  
311301  
311302  
293022  
903952  
