20131100001     8461.90       56.00      120.00
20131100002        0.00        0.00     2740.00
20131100003        0.00        0.00      526.60
20131100004        0.00        0.00      528.00
20131100005        0.00        0.00        0.00
20131100006        0.00        0.00      528.00
20131100007        0.00        0.00      872.00
20131100008        0.00        0.00     1928.00
20131100009        0.00        0.00     2368.00
20131100010        0.00        0.00     1064.00
20131100011        0.00        0.00      816.00
20131100013        0.00        0.00      528.00
20131100014        0.00        0.00      808.00
20131100018        0.00        0.00      480.00
20131100019     3296.00        0.00        0.00
20131100020        0.00       24.00      464.00
20131100021        0.00        0.00     1208.00
20131100022        0.00        0.00      856.00
20131100023        0.00        0.00     1888.00
20131100025        0.00        0.00        0.00
20131100029        0.00        0.00      720.00
20131100030     2547.00      272.00        0.00
20131100031        0.00        0.00     2072.00
20131100033        0.00        0.00        0.00
20131100035        0.00        0.00      880.00
20131100038        0.00        0.00     1064.00
20131100040        0.00        0.00      680.00
20131100045        0.00        0.00      176.00
20131100050        0.00        0.00     1328.00
20131100070        0.00        0.00        0.00
20131100071        0.00        0.00        0.00
20131100072        0.00        0.00        0.00
20131100077     1182.40        0.00        0.00
20131100081        0.00        0.00      352.00
20131100109        0.00        0.00      624.00
20131100117        0.00        0.00     1766.60
20131100200      572.00        0.00      288.00
20131100201      572.00        0.00        0.00
20131100202      572.00        0.00        0.00
20131100203     2770.40       32.00        0.00
20131100204     1966.60        0.00        0.00
20131100205     1291.40        0.00        0.00
20131100212     3605.20        0.00        0.00
20131100221     3605.20        0.00        0.00
20131100222     3605.20        0.00        0.00
20131100223     3605.20        0.00        0.00
20131100227     3605.20        0.00        0.00
20131100303    22774.80       24.00      352.00
20131100401     3355.10        0.00        0.00
20131100402     3870.60       16.00        0.00
20131100403     2556.90        0.00      128.00
20131100404     2274.70       24.00        0.00
20131100405     1960.00        0.00        0.00
20131100406     2422.40        0.00        0.00
20131100407     2422.40        0.00        0.00
20131100408     2422.40        0.00        0.00
20131100409     1308.00        0.00        0.00
20131100410     1308.00        0.00        0.00
20131100411     1518.60       32.00      352.00
20131100450     1518.60        0.00        0.00
20131100455     1518.60        0.00        0.00
20131100464     2836.50       32.00       88.00
20131100501     1543.30        0.00        0.00
20131100502     3990.60        0.00      312.00
20131100504     3990.60        0.00        0.00
20131100510        0.00        0.00     6623.00
20131100520        0.00        0.00        0.00
20131100528     3133.60        0.00        0.00
20131100529     1584.00        0.00        0.00
20131100530        0.00        0.00     3248.00
20131100540        0.00        0.00     3475.00
20131100541        0.00        0.00        0.00
20131100550        0.00        0.00     2071.30
20131100560        0.00      352.00     3416.30
20131100570        0.00        0.00     1764.00
20131100590        0.00        0.00      456.00
20131100591     3951.00        0.00        0.00
20131100664     3951.00        0.00        0.00
20131100691     3951.00        0.00        0.00
20131100707     6538.40      128.00        0.00
20131100708     1309.60        0.00        0.00
20131100720     2648.00       24.00        0.00
20131100738     2275.20       48.00        0.00
20131100772     2512.00        0.00        0.00
20131100801     6738.80      152.00        0.00
20131100806     1068.00        0.00        0.00
20131100808     4498.30       48.00      352.00
20131100811     2672.30        0.00        0.00
20131100830     4642.30        0.00        0.00
20131100880     3877.20        0.00        0.00
20131100909     1646.40       40.00        0.00
20131100910     1648.00        0.00        0.00
20131100911     1935.30        0.00      176.00
20131100925     4443.80       72.00      128.00
20131100940     2528.00      160.00        0.00
20131100941     2368.00        0.00      176.00
20131100955     1258.40       16.00        0.00
20131101010     1258.40        0.00        0.00
20131101035     2472.00       16.00      216.00
20131101042     2840.00      120.00        0.00
20131101100        0.00        0.00      976.00
20131101101        0.00        0.00      824.00
20131101102        0.00        0.00      472.00
20131101103        0.00        0.00      176.00
20131101104        0.00      176.00      864.00
20131101105        0.00        0.00      488.00
20131101106        0.00        0.00     1493.90
20131101107        0.00        0.00      848.00
20131101108        0.00        0.00      296.00
20131101109        0.00        0.00      528.00
20131101110        0.00        0.00      384.00
20131101111        0.00        0.00     1448.00
20131101112        0.00        0.00      488.00
20131101113        0.00        0.00      200.00
20131101115        0.00        0.00        0.00
20131101200     1632.00        0.00        0.00
20131101201     1632.00        0.00        0.00
20131101202     1632.00        0.00        0.00
20131101203     1632.00        0.00        0.00
20131101301     1396.00        0.00        0.00
20131101302      960.00        0.00        0.00
20131101303     1352.00        0.00        0.00
20131101304     1352.00        0.00        0.00
20131101306     1352.00        0.00        0.00
20131101403     1662.70        0.00        0.00
20131101410     1662.70        0.00        0.00
20131101426     2466.40        0.00      176.00
20131101444     2404.50        0.00      176.00
20131101501     2404.50        0.00        0.00
20131101502     2404.50        0.00        0.00
20131101503     2404.50        0.00        0.00
20131101504     2404.50        0.00        0.00
20131101505     2404.50        0.00        0.00
20131101506     2404.50        0.00        0.00
20131101507     2404.50        0.00        0.00
20131101510     2404.50        0.00        0.00
20131101511     2404.50        0.00        0.00
20131101512     2404.50        0.00        0.00
20131101514     2404.50        0.00        0.00
20131101515     2404.50        0.00        0.00
20131101516     2404.50        0.00        0.00
20131101517     2404.50        0.00        0.00
20131101518     2404.50        0.00        0.00
20131101519     2404.50        0.00        0.00
20131101520     2404.50        0.00        0.00
20131101521     2404.50        0.00        0.00
20131101522     2404.50        0.00        0.00
20131101523     2404.50        0.00        0.00
20131101551     2592.00       88.00        0.00
20131101552     1736.10       24.00        0.00
20131101553     1736.10        0.00        0.00
20131101554      504.00        0.00        0.00
20131101555        0.00        0.00      352.00
20131101556      304.00        0.00        0.00
20131101557      352.00        0.00        0.00
20131101558     1008.00      176.00        0.00
20131101559      976.00       80.00        0.00
20131101601        0.00       64.00      288.00
20131101602     3132.90       40.00      176.00
20131101634     3280.00      536.00        0.00
20131101640     2261.90        0.00        0.00
20131101643     3469.90       16.00      216.00
20131101661     2416.00        0.00        0.00
20131101662     1064.00        0.00        0.00
20131101663      528.00        0.00        0.00
20131101664      352.00        0.00        0.00
20131101771     2512.00       16.00        0.00
20131101772      136.00       32.00        0.00
20131101812        0.00        0.00     2023.20
20131101813     2621.20        0.00        0.00
20131101819        0.00        0.00    18802.10
20131102001        0.00      136.00     3976.00
20131102002        0.00       24.00     3359.30
20131102003        0.00        0.00     6777.70
20131102012      160.00        0.00     5688.80
20131102016     3048.00        0.00        0.00
20131102020        0.00        0.00     6882.00
20131102037     3132.00       32.00        0.00
20131102100        0.00      152.00     1808.00
20131102101        0.00        0.00        0.00
20131102102     5092.00        0.00     2733.20
20131102103        0.00      152.00     3044.00
20131102104     1200.00        0.00      263.30
20131102105     2279.30        0.00     1544.00
20131102107     4681.70        0.00     3186.60
20131102109     4907.30        0.00     2471.30
20131102110     2166.40        0.00        0.00
20131102116     2740.00        0.00     1071.30
20131102117     3391.30        0.00     2112.00
20131102120     3753.60        0.00     1910.60
20131102121        0.00        0.00      704.00
20131102124     2716.80        0.00     1052.40
20131102125     2155.60        0.00     1166.30
20131102126     1008.00        0.00      496.00
20131102181     4104.00        0.00     2240.00
20131102182     5552.00        0.00     1175.30
20131102201        0.00        0.00     1856.00
20131102202        0.00        0.00     1260.80
20131102208        0.00        0.00        0.00
20131102209        0.00        0.00        0.00
20131102229     8348.00        0.00     2970.60
20131102231        0.00        0.00     4834.40
20131102302        0.00        0.00     1032.00
20131102400    19432.00        0.00     8778.20
20131102427     3086.60        0.00     2113.60
20131102500     8865.70        0.00     2686.50
20131102600        0.00        0.00      352.00
20131102601        0.00        0.00     4391.30
20131102602        0.00        0.00     4000.00
20131102603        0.00      352.00     3210.00
20131102604        0.00        0.00      528.00
20131102605        0.00        0.00      221.90
20131102700        0.00        0.00      528.00
20131102701        0.00        0.00     1360.00
20131102702        0.00        0.00     2864.00
20131102703        0.00        0.00     1143.30
20131102704        0.00      536.00    14035.56
20131102705        0.00        0.00        0.00
20131102707        0.00        0.00     1522.40
20131102709        0.00        0.00      704.00
20131102715        0.00        0.00        0.00
20131102801     5991.00        0.00      120.00
20131102807      738.40        0.00        0.00
20131102808     7019.30        0.00        0.00
20131102815     4142.40        0.00        0.00
20131102827     4142.40        0.00        0.00
20131102832     4142.40        0.00        0.00
20131102910     4142.40        0.00        0.00
20131103001     4142.40        0.00        0.00
20131103007        0.00        0.00      312.00
20131103100        0.00        0.00     1542.40
20131103103        0.00        0.00     2676.30
20131103115        0.00        0.00      168.00
20131103116        0.00        0.00        0.00
20131103160        0.00        0.00     5192.00
20131103201        0.00       88.00     4840.00
20131103203        0.00        0.00     1880.00
20131103204        0.00        0.00    48421.90
20131103207        0.00        0.00      352.00
20131103209        0.00        0.00     1120.00
20131103214        0.00        0.00     2840.00
20131103253        0.00        0.00     1408.00
20131103301        0.00        0.00     4209.80
20131103302        0.00        0.00     1083.20
20131103400     1898.10        0.00        0.00
20131103410     1898.10        0.00        0.00
20131105500        0.00        0.00      288.00
20131105501        0.00        0.00      496.00
20131105502        0.00        0.00      952.00
20131105503        0.00        0.00      176.00
20131106001     1176.00      136.00      176.00
20131106002      916.00      336.00      352.00
20131106003      449.60        0.00        0.00
20131107001    10006.40       48.00        0.00
20131107002     5495.30        0.00        0.00
20131107003     1763.20        0.00        0.00
20131109901     1763.20        0.00        0.00
20131109902     1763.20        0.00        0.00
20131109903     1763.20        0.00        0.00
20131109904     1763.20        0.00        0.00
20131109905     1763.20        0.00        0.00
20131109906     1763.20        0.00        0.00
20131109907     1763.20        0.00        0.00
20131109908     1763.20        0.00        0.00
20131109914     1763.20        0.00        0.00
20131109915     1763.20        0.00        0.00
20131109916     1763.20        0.00        0.00
20131109917     1763.20        0.00        0.00
20131109918     1763.20        0.00        0.00
20131109919     1763.20        0.00        0.00
20131109920     1763.20        0.00        0.00
20131109921     1763.20        0.00        0.00
20131109922     1763.20        0.00        0.00
20131109923     1763.20        0.00        0.00
20131116021     1763.20        0.00        0.00
20131116022     1763.20        0.00        0.00
20131116023     1763.20        0.00        0.00
20131122081        0.00        0.00     1488.00
20131122082        0.00        0.00     3103.20
