20131100001   181202       50.00
20131100001   181231     1070.00
20131100001   191179      150.00
20131100001   212003       25.00
20131100001   212002      400.00
20131100001   219200      159.00
20131100001   219300      300.00
20131100001   219449      120.00
20131100001   219800      698.00
20131100001   219802      400.00
20131100001   293003      510.00
20131100001   293011      695.00
20131100001   293022      775.00
20131100001   293001      170.00
20131100001   293004      370.00
20131100001   293007      110.00
20131100001   401202      100.00
20131100001   421217      123.00
20131100001   421318      335.00
20131100001   490104      325.00
20131100001   490204       50.00
20131100001   512005       25.00
20131100001   900309      385.00
20131100001   900911      250.00
20131100001   901203      100.00
20131100001   902707       35.00
20131100001 26020238      990.00
20131100019   219200      100.00
20131100019   219449       25.00
20131100019   293022      100.00
20131100019   401202      100.00
20131100019   421217      205.00
20131100019   421318      100.00
20131100019   490104      100.00
20131100019   510203      205.00
20131100019   513001       50.00
20131100019   581205        5.00
20131100019   581206      522.00
20131100019   581207        5.00
20131100019   771324      105.00
20131100019   900309      100.00
20131100019   900911       50.00
20131100019 25001000     1993.00
20131100030   191179     1692.00
20131100030   292004      738.00
20131100030   900911      234.00
20131100077   181231       10.00
20131100077   181202      130.00
20131100077   191179        3.00
20131100077   293022       24.00
20131100077   401202      200.00
20131100077   421217        9.00
20131100077   421318       30.00
20131100077   510203      208.00
20131100077   513200        5.00
20131100077   581207      370.00
20131100077   581206       16.00
20131100077   581205       16.00
20131100077   771324       10.00
20131100077   900911       57.00
20131100077 25001000      656.00
20131100077 26019031        2.00
20131100200   181231        3.00
20131100200   181202        1.00
20131100200   191179      116.00
20131100200   212001       11.00
20131100200   215020       45.00
20131100200   219206       15.00
20131100200   219200       87.00
20131100200   219300        8.00
20131100200   219449        3.00
20131100200   219775       27.00
20131100200   219776       19.00
20131100200   219802       34.00
20131100200   219800       57.00
20131100200   293003       15.00
20131100200   293008       36.00
20131100200   293001       84.00
20131100200   293011       52.00
20131100200   293022       81.00
20131100200   293010       10.00
20131100200   293021       80.00
20131100200   421318       21.00
20131100200   490204       42.00
20131100200   510203        2.00
20131100200   512005        1.00
20131100200   513005      110.00
20131100200   900309        8.00
20131100200   900911       32.00
20131100200   901203        5.00
20131100200 25000122        2.00
20131100203   181231        9.00
20131100203   181202        1.00
20131100203   191179      408.00
20131100203   212001       40.00
20131100203   215020      157.00
20131100203   219206       53.00
20131100203   219200      304.00
20131100203   219300       27.00
20131100203   219449        9.00
20131100203   219775       93.00
20131100203   219776       66.00
20131100203   219802      120.00
20131100203   219800      199.00
20131100203   293003       53.00
20131100203   293008      125.00
20131100203   293001      292.00
20131100203   293011      182.00
20131100203   293022      282.00
20131100203   293010       35.00
20131100203   293021      281.00
20131100203   421318       72.00
20131100203   490204      146.00
20131100203   510203        8.00
20131100203   512005        1.00
20131100203   513005      386.00
20131100203   900309       27.00
20131100203   900911      111.00
20131100203   901203       19.00
20131100203 25000122        6.00
20131100204   181231        6.00
20131100204   181202        1.00
20131100204   191179      252.00
20131100204   212001       25.00
20131100204   215020       97.00
20131100204   219206       33.00
20131100204   219200      188.00
20131100204   219300       16.00
20131100204   219449        5.00
20131100204   219775       58.00
20131100204   219776       41.00
20131100204   219802       74.00
20131100204   219800      123.00
20131100204   293003       33.00
20131100204   293008       77.00
20131100204   293001      181.00
20131100204   293011      113.00
20131100204   293022      175.00
20131100204   293010       21.00
20131100204   293021      174.00
20131100204   421318       44.00
20131100204   490204       91.00
20131100204   510203        5.00
20131100204   512005        1.00
20131100204   513005      239.00
20131100204   900309       16.00
20131100204   900911       69.00
20131100204   901203       12.00
20131100204 25000122        4.00
20131100205   181231        4.00
20131100205   181202        1.00
20131100205   191179      175.00
20131100205   212001       17.00
20131100205   215020       67.00
20131100205   219206       23.00
20131100205   219200      130.00
20131100205   219300       11.00
20131100205   219449        4.00
20131100205   219775       40.00
20131100205   219776       28.00
20131100205   219802       51.00
20131100205   219800       85.00
20131100205   293003       23.00
20131100205   293008       54.00
20131100205   293001      125.00
20131100205   293011       78.00
20131100205   293022      121.00
20131100205   293010       15.00
20131100205   293021      120.00
20131100205   421318       31.00
20131100205   490204       63.00
20131100205   510203        3.00
20131100205   512005        1.00
20131100205   513005      165.00
20131100205   900309       11.00
20131100205   900911       48.00
20131100205   901203        8.00
20131100205 25000122        3.00
20131100212   181231       13.00
20131100212   181202        1.00
20131100212   191179      582.00
20131100212   212001       57.00
20131100212   215020      224.00
20131100212   219206       76.00
20131100212   219200      434.00
20131100212   219300       38.00
20131100212   219449       13.00
20131100212   219775      133.00
20131100212   219776       95.00
20131100212   219802      171.00
20131100212   219800      285.00
20131100212   293003       76.00
20131100212   293008      178.00
20131100212   293001      418.00
20131100212   293011      260.00
20131100212   293022      403.00
20131100212   293010       49.00
20131100212   293021      401.00
20131100212   421318      103.00
20131100212   490204      209.00
20131100212   510203       11.00
20131100212   512005        1.00
20131100212   513005      551.00
20131100212   900309       38.00
20131100212   900911      159.00
20131100212   901203       27.00
20131100212 25000122        9.00
20131100303   181202      210.00
20131100303   181231      819.00
20131100303   212001       50.00
20131100303   212002      150.00
20131100303   212003      180.00
20131100303   219200      210.00
20131100303   219300     1750.00
20131100303   219449       25.00
20131100303   219775      100.00
20131100303   219776      410.00
20131100303   219800     3635.00
20131100303   219802     1300.00
20131100303   231295       65.00
20131100303   231296      125.00
20131100303 25000122     2040.00
20131100303 25006138       38.00
20131100303   270296      172.00
20131100303   270297      129.00
20131100303 25001000       50.00
20131100303   270322       80.00
20131100303   270323      300.00
20131100303   270324      140.00
20131100303   270402      120.00
20131100303   292006      643.00
20131100303   293001       50.00
20131100303   293003      475.00
20131100303   293007      100.00
20131100303   293010       71.00
20131100303   293011      440.00
20131100303   293022     8052.00
20131100303   421217      430.00
20131100303   421318      130.00
20131100303   490204      100.00
20131100303   512033        5.00
20131100303   513001      962.00
20131100303   771324      725.00
20131100303   900309       70.00
20131100303   900945      401.00
20131100303   901002      290.00
20131100303   901203     1410.00
20131100303   901301      500.00
20131100303   902406       10.00
20131100303   902707      194.00
20131100303   911908       50.00
20131100401   212002      450.00
20131100401   212001        3.00
20131100401   219206      207.00
20131100401   219200      506.00
20131100401   219800      340.00
20131100401   219802      200.00
20131100401   270181     1400.00
20131100401   293022      798.00
20131100401   883509       93.00
20131100402   181231      130.00
20131100402   181202       50.00
20131100402   191179       30.00
20131100402   212003       20.00
20131100402   212002       50.00
20131100402   212001       60.00
20131100402   212004      220.00
20131100402   219200       75.00
20131100402   219300      300.00
20131100402   219449        5.00
20131100402   219776      805.00
20131100402   219775       60.00
20131100402   219800      567.00
20131100402   293022     1321.00
20131100402   421217       75.00
20131100402   421318        2.00
20131100402   490104      360.00
20131100402   623932      150.00
20131100402   623933       80.00
20131100402   623928       80.00
20131100402 26019031       20.00
20131100403   181231       10.00
20131100403   181202      170.00
20131100403   191179     1505.00
20131100403   900911     1915.00
20131100404   181231      595.00
20131100404   181202      160.00
20131100404   212002       10.00
20131100404   270436      160.00
20131100404   513201     1422.00
20131100405   181202      568.00
20131100405   181231       70.00
20131100405   191179      550.00
20131100405   212002      140.00
20131100405   212001       10.00
20131100405   219200       86.00
20131100405   219800      300.00
20131100405   293001      400.00
20131100405   293022      128.00
20131100405   421318       40.00
20131100405   900911      240.00
20131100405   911908       33.00
20131100406   191179       10.00
20131100406   212001       30.00
20131100406   219775       30.00
20131100406   219776       30.00
20131100406   293022      122.00
20131100406   421217      215.00
20131100406   421318     1005.00
20131100406   490204      270.00
20131100406   771324      350.00
20131100406   900116       67.00
20131100406   900911      222.00
20131100406   901002       98.00
20131100406 25001000      230.00
20131100409   181231      864.00
20131100409   181202        5.00
20131100409   191179      249.00
20131100409   900911      448.00
20131100411   181202       70.00
20131100411   212002       85.00
20131100411   212001      150.00
20131100411   293010      187.00
20131100411   293022      140.00
20131100411   421217       25.00
20131100411   421318        8.00
20131100411   510203      435.00
20131100411   513201      100.00
20131100411   771324      190.00
20131100464   181231       45.00
20131100464   212001       15.00
20131100464   212002      900.00
20131100464   219200        8.00
20131100464   219300       50.00
20131100464   219776      180.00
20131100464   219800       50.00
20131100464   270439      127.00
20131100464   293022     1426.00
20131100464   421217       20.00
20131100464   490104       30.00
20131100464   513200      200.00
20131100464   883512      100.00
20131100464   900911       50.00
20131100464   902707      110.00
20131100464   911908       20.00
20131100501   212001       30.00
20131100501   219300       65.00
20131100501   219449      140.00
20131100501   219775       30.00
20131100501   293022      220.00
20131100501   293008      250.00
20131100501   490104       30.00
20131100501   510203      791.00
20131100501   513201      287.00
20131100501   883506      120.00
20131100502   212001       30.00
20131100502   293022      587.00
20131100502   293008      969.00
20131100502   490104      550.00
20131100502   510203     1725.00
20131100502   512005      100.00
20131100502   513201      985.00
20131100502 25001000      300.00
20131100502 26019033      350.00
20131100528   181202       48.00
20131100528   181231      170.00
20131100528   191179       70.00
20131100528   212001      158.00
20131100528   212002      520.00
20131100528   219206       30.00
20131100528   219200       15.00
20131100528   219300       50.00
20131100528   219776      100.00
20131100528   219800      235.00
20131100528   219802      270.00
20131100528   293010       33.00
20131100528   293022     1087.00
20131100528   421217       15.00
20131100528   421318       56.00
20131100528   490104       90.00
20131100528   512033       37.00
20131100528   624636       15.00
20131100528   624706       15.00
20131100528   624711       15.00
20131100528   624802       15.00
20131100528   771324      150.00
20131100528   900911      120.00
20131100528   911908       30.00
20131100528 23220038       80.00
20131100528 26019031       12.00
20131100529   212001      170.00
20131100529   219200        7.00
20131100529   219300      320.00
20131100529   219449      280.00
20131100529   219775      120.00
20131100529   219802      100.00
20131100529   293022      428.00
20131100529   421217      135.00
20131100529   421318        8.00
20131100529   490204       95.00
20131100529   771324       50.00
20131100591   212004       50.00
20131100591   212003      649.00
20131100591   212002      100.00
20131100591   219200       31.00
20131100591   219449       20.00
20131100591   219775       70.00
20131100591   219800       54.00
20131100591   293022     2174.00
20131100591   421217      493.00
20131100591   900911       30.00
20131100591   901002      100.00
20131100591 25000122      221.00
20131100707   181202      395.00
20131100707   181231      220.00
20131100707   191179       10.00
20131100707   212003      250.00
20131100707   219200      500.00
20131100707   219300      210.00
20131100707   219449     1016.00
20131100707   219776      132.00
20131100707   219802       80.00
20131100707   293011      240.00
20131100707   293022     2035.00
20131100707   293003      150.00
20131100707   293009       40.00
20131100707   421217      202.00
20131100707   421318      160.00
20131100707   490104      170.00
20131100707   510203      335.00
20131100707   512033       40.00
20131100707   883509       40.00
20131100707   900309      175.00
20131100707   901203       50.00
20131100707 26019031       15.00
20131100708   219449       60.00
20131100708   421217      150.00
20131100708   421318      600.00
20131100720   181231       25.00
20131100720   219200        7.00
20131100720   219300       35.00
20131100720   219802      100.00
20131100720   219800      280.00
20131100720   270422      170.00
20131100720   293011       90.00
20131100720   293022       91.00
20131100720   293002      100.00
20131100720   293007      710.00
20131100720   293010       37.00
20131100720   421217      203.00
20131100720   421318       12.00
20131100720   490104       30.00
20131100720   771324      210.00
20131100720   901301      825.00
20131100720 26019033      230.00
20131100720 26019031       17.00
20131100738   181231      410.00
20131100738   219200        7.00
20131100738   219449      170.00
20131100738   219800       60.00
20131100738   231296       31.00
20131100738   293022      812.00
20131100738   421217        3.00
20131100738   490104      200.00
20131100738   513001      150.00
20131100738   900945       20.00
20131100738   901203      256.00
20131100738   910909       20.00
20131100772   181202       20.00
20131100772   181231     1413.00
20131100772   219200       23.00
20131100772   219449       98.00
20131100772   219802      150.00
20131100772   219800      192.00
20131100772   293022      678.00
20131100772   421217      180.00
20131100772   421318       25.00
20131100772   512033       48.00
20131100772   900911      194.00
20131100772   901002       65.00
20131100772 26019031       16.00
20131100801   181231      160.00
20131100801   212002      125.00
20131100801   219300      727.00
20131100801   219802      450.00
20131100801   292010      123.00
20131100801   293022      875.00
20131100801   293009      100.00
20131100801   421217       14.00
20131100801   421318      934.00
20131100801   490204      160.00
20131100801   581205       50.00
20131100801   771324      450.00
20131100801   901002      110.00
20131100801   901301       50.00
20131100801   902707      210.00
20131100801   910909      300.00
20131100801   981213      230.00
20131100801 25000122      299.00
20131100806   181231      439.00
20131100806   181202       13.00
20131100806   191179      343.00
20131100806   421217       95.00
20131100806   421318      145.00
20131100806   512033       15.00
20131100806   900911      350.00
20131100808   181231      160.00
20131100808   191179      257.00
20131100808   212001       90.00
20131100808   219200      115.00
20131100808   219449       50.00
20131100808   219776        8.00
20131100808   219775       50.00
20131100808   219802      340.00
20131100808   219800      300.00
20131100808   292010       13.00
20131100808   293003       20.00
20131100808   293022     1199.00
20131100808   293010      105.00
20131100808   421217      221.00
20131100808   421318       76.00
20131100808   490204      300.00
20131100808   771324      280.00
20131100808   883512       50.00
20131100808   900609      145.00
20131100808   900911      100.00
20131100808   901002       80.00
20131100808   910909      150.00
20131100808   911908      167.00
20131100808   981113      250.00
20131100808   981213      234.00
20131100808 26019031       30.00
20131100811   181202      135.00
20131100811   181231      390.00
20131100811   191179      590.00
20131100811   212001       30.00
20131100811   219200       12.00
20131100811   219300       15.00
20131100811   219449       30.00
20131100811   219775       30.00
20131100811   293005      232.00
20131100811   293022      415.00
20131100811   421217      170.00
20131100811   421318       65.00
20131100811   510203       50.00
20131100811   883509       27.00
20131100811   900911      280.00
20131100811 26019031       30.00
20131100830   181202      257.00
20131100830   181231     1180.00
20131100830   191179      577.00
20131100830   219200      100.00
20131100830   270333      500.00
20131100830   270439      125.00
20131100830   292010      123.00
20131100830   293010       74.00
20131100830   293022       25.00
20131100830   510203       50.00
20131100830   512033        5.00
20131100830   883509       21.00
20131100830   900911      740.00
20131100830   902707       30.00
20131100830 25000122       89.00
20131100830 26019031       14.00
20131100880   212001      250.00
20131100880   212002      300.00
20131100880   219200       15.00
20131100880   219300       67.00
20131100880   219449      150.00
20131100880   219775       70.00
20131100880   219802      530.00
20131100880   219800      395.00
20131100880   270439      244.00
20131100880   293011      369.00
20131100880   293002      803.00
20131100880   902707       90.00
20131100909   212001      180.00
20131100909   212002        5.00
20131100909   219449       50.00
20131100909   219775       30.00
20131100909   293022      463.00
20131100909   401202      820.00
20131100909   490204       25.00
20131100909 26019031      280.00
20131100910   191179     1480.00
20131100910   900911       10.00
20131100910   902406      350.00
20131100911   181231      380.00
20131100911   181202      210.00
20131100911   191179      485.00
20131100911   212002       50.00
20131100911   293022      180.00
20131100911   401202      660.00
20131100911   513201       25.00
20131100911 26019031       40.00
20131100925   181231       20.00
20131100925   181202      658.00
20131100925   191179     1574.00
20131100925   219200      100.00
20131100925   219775      100.00
20131100925   219776      100.00
20131100925   293022      340.00
20131100925   293010       43.00
20131100925   293006      686.00
20131100925   293008       30.00
20131100925   421217      100.00
20131100925   421318       11.00
20131100925   490104       50.00
20131100925   490204      200.00
20131100925   900911     1389.00
20131100925   901203       80.00
20131100940   191179       95.00
20131100940   219200       40.00
20131100940   219300       20.00
20131100940   219449      330.00
20131100940   219776       50.00
20131100940   293010       44.00
20131100940   293022      406.00
20131100940   421217      435.00
20131100940   421318       18.00
20131100940   490104      310.00
20131100940   512033       15.00
20131100940   901002        5.00
20131100940 25000138      423.00
20131100940 25000122      212.00
20131100941   181202        2.00
20131100941   219802      100.00
20131100941   293022      450.00
20131100941   421217      200.00
20131100941   510203     1330.00
20131100941   771324      300.00
20131100941   900116       58.00
20131100941   901002      280.00
20131100955   181202       40.00
20131100955   219200        7.00
20131100955   421318        5.00
20131100955   513200     1098.00
20131100955 26016138      110.00
20131101035   212001      165.00
20131101035   212002      700.00
20131101035   219200      550.00
20131101035   219300        4.00
20131101035   219449      145.00
20131101035   219775      100.00
20131101035   293022      865.00
20131101035   490104      235.00
20131101035   883509        5.00
20131101035   883512       10.00
20131101042   581206     1321.00
20131101042   581207      902.00
20131101042   581205      636.00
20131101042 25001000      871.00
20131101042 26019033      249.00
20131101200   191179      300.00
20131101200   292004      134.00
20131101200   900911      636.00
20131101200   901203       50.00
20131101200 26020038      770.00
20131101301   219200      788.00
20131101301   219300      263.00
20131101301   219800      279.00
20131101302   219200      430.00
20131101302   219300      143.00
20131101302   219800      152.00
20131101303   219200      645.00
20131101303   219300      215.00
20131101303   219800      228.00
20131101403   212001       50.00
20131101403   219776       50.00
20131101403   219775       50.00
20131101403   219800       60.00
20131101403   293022        9.00
20131101403   421217       20.00
20131101403   771324      240.00
20131101403 25001000     1194.00
20131101426   181202       86.00
20131101426   181231      163.00
20131101426   191179      137.00
20131101426   212002      130.00
20131101426   212001      180.00
20131101426   219200        7.00
20131101426   219300        6.00
20131101426   219775       50.00
20131101426   219776       50.00
20131101426   219800       50.00
20131101426   293022     1014.00
20131101426   421217       23.00
20131101426   421318      717.00
20131101426   512033       10.00
20131101426   900911      741.00
20131101426   901002        3.00
20131101444   181231       20.00
20131101444   191179      405.00
20131101444   212001      230.00
20131101444   219200      100.00
20131101444   219449      100.00
20131101444   219776       50.00
20131101444   219775      200.00
20131101444   219800      200.00
20131101444   293022      198.00
20131101444   421217      110.00
20131101444   421318      120.00
20131101444   771324      250.00
20131101444   900911      565.00
20131101444 25000138      200.00
20131101551   211247      160.00
20131101551   211202       96.00
20131101551   211246       96.00
20131101551   211245      160.00
20131101551   211248      160.00
20131101551   211345      160.00
20131101551   212003      246.00
20131101551   219200      851.00
20131101551   219300      167.00
20131101551   901203      240.00
20131101552   219300      375.00
20131101552   490104     1149.00
20131101554   219300      480.00
20131101556   581205      272.00
20131101557   513200      320.00
20131101558   900609      824.00
20131101559   219200      328.00
20131101602   181231      271.00
20131101602   181202        3.00
20131101602   191179       40.00
20131101602   293022       29.00
20131101602   301318       21.00
20131101602   301316      467.00
20131101602   301317      110.00
20131101602   311307      320.00
20131101602   311306       66.00
20131101602   311302      521.00
20131101602   421217      425.00
20131101602   421318      283.00
20131101602   512033       12.00
20131101602   771223      616.00
20131101602   771324      698.00
20131101602   900116      102.00
20131101602   900117       34.00
20131101602   900911      138.00
20131101602   901002      497.00
20131101602 25001000       58.00
20131101602 26019033       58.00
20131101602 26019031       29.00
20131101603 25401024   545467.00
20131101634   181231      250.00
20131101634   181202        3.00
20131101634   191179       37.00
20131101634   293022       27.00
20131101634   301318       19.00
20131101634   301316      431.00
20131101634   301317      101.00
20131101634   311307      295.00
20131101634   311306       61.00
20131101634   311302      481.00
20131101634   421217      392.00
20131101634   421318      261.00
20131101634   512033       11.00
20131101634   771223      568.00
20131101634   771324      644.00
20131101634   900116       94.00
20131101634   900117       31.00
20131101634   900911      127.00
20131101634   901002      459.00
20131101634 25001000       53.00
20131101634 26019033       53.00
20131101634 26019031       27.00
20131101640   181231      156.00
20131101640   181202        2.00
20131101640   191179       23.00
20131101640   293022       17.00
20131101640   301318       12.00
20131101640   301316      269.00
20131101640   301317       63.00
20131101640   311307      185.00
20131101640   311306       38.00
20131101640   311302      300.00
20131101640   421217      245.00
20131101640   421318      163.00
20131101640   512033        7.00
20131101640   771223      355.00
20131101640   771324      403.00
20131101640   900116       59.00
20131101640   900117       20.00
20131101640   900911       80.00
20131101640   901002      287.00
20131101640 25001000       33.00
20131101640 26019033       33.00
20131101640 26019031       17.00
20131101643   181231      260.00
20131101643   181202        3.00
20131101643   191179       39.00
20131101643   293022       28.00
20131101643   301318       20.00
20131101643   301316      449.00
20131101643   301317      106.00
20131101643   311307      308.00
20131101643   311306       63.00
20131101643   311302      501.00
20131101643   421217      409.00
20131101643   421318      272.00
20131101643   512033       11.00
20131101643   771223      592.00
20131101643   771324      671.00
20131101643   900116       98.00
20131101643   900117       33.00
20131101643   900911      133.00
20131101643   901002      478.00
20131101643 25001000       56.00
20131101643 26019033       56.00
20131101643 26019031       28.00
20131101661   191179      530.00
20131101661   902406     1334.00
20131101662   181231      960.00
20131101663   512033      400.00
20131101664   293001      158.00
20131101664   902406      130.00
20131101771   421217     1181.00
20131101771   421318      977.00
20131101772   421217        7.00
20131101772   421318       81.00
20131101813 25003012     2396.00
20131101813 26016412       52.00
20131102012   191179       60.00
20131102012   219300      100.00
20131102012   219449       50.00
20131102012   219800       50.00
20131102012   270296       20.00
20131102012   293022      450.00
20131102012   421217       20.00
20131102012   421318      110.00
20131102012   900911      100.00
20131102012 26019031      100.00
20131102012 26019006     5401.00
20131102016   181202        1.00
20131102016   181231       50.00
20131102016   219300      125.00
20131102016   293002       50.00
20131102016   293022      100.00
20131102016   401202      410.00
20131102016   421217      363.00
20131102016   421318       10.00
20131102016   771324        5.00
20131102016   900309      200.00
20131102016 26019031     2464.00
20131102016 26019033       24.00
20131102037   181231       10.00
20131102037   181202       44.00
20131102037   212002       40.00
20131102037   219449       25.00
20131102037   219800      164.00
20131102037   293022      160.00
20131102037   421217      210.00
20131102037   510203      358.00
20131102037   512033       10.00
20131102037   513201       50.00
20131102037   513200        5.00
20131102037   581206        8.00
20131102037   581205      257.00
20131102037   581207        8.00
20131102037   771324      110.00
20131102037   900116       55.00
20131102037 26019033     1931.00
20131102037 26019031       40.00
20131102102   292003      600.00
20131102102   901203      172.00
20131102102   901301      806.00
20131102102   293022       93.00
20131102102   421318     1702.00
20131102102   900911       60.00
20131102102   901002      120.00
20131102102   512032        3.00
20131102102   181231      743.00
20131102102   181232      152.00
20131102102   231268      862.00
20131102102   231254       64.00
20131102102   270327      272.00
20131102102 25000101       16.00
20131102102 25000301       32.00
20131102102 25000601       16.00
20131102104   212002       30.00
20131102104   219200      270.00
20131102104   219449       61.00
20131102104 25000101       16.00
20131102104 25000301       24.00
20131102104   293022      198.00
20131102104   421318       52.00
20131102104   490204      608.00
20131102104   231296       85.00
20131102105   181231       48.00
20131102105   181232       16.00
20131102105   212002       51.00
20131102105   219200      133.00
20131102105   219449       21.00
20131102105   231254      171.00
20131102105   231268       20.00
20131102105   231295      102.00
20131102105 25000101     1010.00
20131102105 25000301       12.00
20131102105   292003       60.00
20131102105   293022      243.00
20131102105   421318      180.00
20131102105   490204       59.00
20131102105   512032       17.00
20131102105   883578        7.00
20131102105   883580       18.00
20131102105   900911       27.00
20131102105   901002        1.00
20131102105   901301       97.00
20131102105   980500       63.00
20131102105   980513       37.00
20131102105   981113      157.00
20131102105   231296      339.00
20131102107   212002        6.00
20131102107   219200     1103.00
20131102107   231254        7.00
20131102107   231268        5.00
20131102107   231295        2.00
20131102107 25000101      130.00
20131102107 25000301       12.00
20131102107 25000401      235.00
20131102107   293009       50.00
20131102107   293022      146.00
20131102107   421318     1232.00
20131102107   490204      343.00
20131102107   512032        9.00
20131102107   900911        5.00
20131102107   901301     1009.00
20131102107   980200        9.00
20131102107   231296      146.00
20131102109   212002        4.00
20131102109   219802       24.00
20131102109   231254       28.00
20131102109   231295       46.00
20131102109 25000101       12.00
20131102109 25000301       44.00
20131102109 25000401      160.00
20131102109 25000601       16.00
20131102109 25000701       16.00
20131102109   292003        7.00
20131102109   293009     1000.00
20131102109   293022       43.00
20131102109   421318      603.00
20131102109   512032        8.00
20131102109   900911      100.00
20131102109   901203        6.00
20131102109   901301      335.00
20131102109   980600       30.00
20131102109   231296     1794.00
20131102110   212002      112.00
20131102110   219449       80.00
20131102110   219802      100.00
20131102110   231254      180.00
20131102110   231268      956.00
20131102110   231298       40.00
20131102110   293022      290.00
20131102110   421217      124.00
20131102110   901301      478.00
20131102116   181231       16.00
20131102116   181232        8.00
20131102116   212002       61.00
20131102116 25000101       32.00
20131102116 25000301        6.00
20131102116   293022     1537.00
20131102116   421318     1489.00
20131102116   512032       30.00
20131102116   883509      172.00
20131102116   900911       80.00
20131102116   901203       14.00
20131102116   883522       16.00
20131102117   901301      411.00
20131102117   421217     1476.00
20131102117   512032      107.00
20131102117   212002       48.00
20131102117   231268        7.00
20131102117   231254       21.00
20131102117   231295       51.00
20131102117   490204      662.00
20131102117   219449       22.00
20131102117   219802      593.00
20131102117   270422      300.00
20131102117 25000101       10.00
20131102120   293022     1838.00
20131102120   421217     1323.00
20131102120   900911       60.00
20131102120   512032        9.00
20131102120   212002       66.00
20131102120   231254       32.00
20131102120 25000101       64.00
20131102120 25000401       32.00
20131102121   293009      890.00
20131102124   181231        6.00
20131102124   181232        6.00
20131102124   191179     1065.00
20131102124   212002       35.00
20131102124 25000301      167.00
20131102124 26020201      165.00
20131102124   293022      104.00
20131102124   421318       18.00
20131102124   512032       58.00
20131102124   883509       57.00
20131102124   900911      519.00
20131102125   293022     1468.00
20131102125   421217      218.00
20131102125   883512      987.00
20131102125   624624       30.00
20131102125 25000101      190.00
20131102126   212002       12.00
20131102126   219200       51.00
20131102126   219449       19.00
20131102126   219802       25.00
20131102126   231254       24.00
20131102126   231268       16.00
20131102126   231295        5.00
20131102126 25000101       36.00
20131102126   292003      127.00
20131102126   293022      192.00
20131102126   421318       41.00
20131102126   490204      260.00
20131102126   512032       92.00
20131102126   883512       76.00
20131102126   901002        7.00
20131102126   901301       32.00
20131102126   231296       41.00
20131102181   212002      430.00
20131102181   219200      874.00
20131102181   219449      228.00
20131102181   231295       18.00
20131102181 25000101      173.00
20131102181   421217     1783.00
20131102181   581205       53.00
20131102181   900911       56.00
20131102181   231296       12.00
20131102182   421217      869.00
20131102182   900911       63.00
20131102182   212002      113.00
20131102182   623363       30.00
20131102182   623928       20.00
20131102182   623932      300.00
20131102182   624510       30.00
20131102182   624512       40.00
20131102182   624620       30.00
20131102182   624621       30.00
20131102182   624632       30.00
20131102182   624636       30.00
20131102182   624705       49.00
20131102182   624707       30.00
20131102182   624708       30.00
20131102182   219200      340.00
20131102182   219449     2634.00
20131102182 26016401      180.00
20131102229   219200       60.00
20131102229   231254      397.00
20131102229   231268       84.00
20131102229   231295        2.00
20131102229 25000101       72.00
20131102229 25000301      180.00
20131102229 25000401       80.00
20131102229 25000601      226.00
20131102229 25000701      330.00
20131102229   292010      724.00
20131102229   293022      477.00
20131102229   421318        8.00
20131102229   490204       16.00
20131102229   900911       30.00
20131102229   901002       14.00
20131102229   901301     1959.00
20131102229   980500      130.00
20131102229   980600     1156.00
20131102229   981113      210.00
20131102229   981213      300.00
20131102229   231296      112.00
20131102400 23210009     4859.00
20131102400 26012009     2103.00
20131102400 25002009     4410.00
20131102400   002915      190.00
20131102400 23240009      115.00
20131102400   002921      233.00
20131102400 23220009     2047.00
20131102400 23012909      220.00
20131102400 25006209      663.00
20131102400 23011009      176.00
20131102400 26015509      120.00
20131102400 25000309      242.00
20131102400 23230009     1079.00
20131102427 23250111     2126.00
20131102427 23250211      647.00
20131102427   270416       50.00
20131102427   270417      437.00
20131102427 26011011     1279.00
20131102427 26012011      492.00
20131102500 23020110      158.00
20131102500 23021510     1730.00
20131102500 25000110     3418.00
20131102500 25000710     1192.00
20131102500 26012110      146.00
20131102500   002921      146.00
20131102500 25000310     1952.00
20131102500 23210010      129.00
20131102500   270358       90.00
20131102500 23240010       52.00
20131102707 25000420     1317.00
20131102801   219800       67.00
20131102801   270328       66.00
20131102801   270440      264.00
20131102801   293022       60.00
20131102801 25000113      360.00
20131102801 25001000     5509.00
20131102807 25001000      770.00
20131102808   270335       66.00
20131102808   270312      969.00
20131102808   270429      267.00
20131102808   270419      264.00
20131102808   421217       10.00
20131102808   771324       10.00
20131102808 25000113      279.00
20131102808 25001000     6271.00
20131102815   219200      100.00
20131102815   270310      262.00
20131102815   293022       70.00
20131102815   421217       67.00
20131102815   900911       50.00
20131102815 25000113      132.00
20131102815 25001000     3606.00
20131102815 26019032       75.00
20131103400   270319        6.00
20131103400   270394        7.00
20131103400 25000113     1427.00
20131106001   181202       43.00
20131106001   181231       88.00
20131106001   191179      169.00
20131106001   212001        5.00
20131106001   212003        1.00
20131106001   212004       56.00
20131106001   219200        3.00
20131106001   270329       99.00
20131106001   270391       40.00
20131106001   293022      149.00
20131106001   421217        8.00
20131106001   421318       62.00
20131106001   490104       94.00
20131106001   512032        1.00
20131106001   512033        1.00
20131106001   513201       19.00
20131106001 25000122       30.00
20131106001 25000138       99.00
20131106001 25000338      215.00
20131106002   181202       52.00
20131106002   181231      108.00
20131106002   191179      206.00
20131106002   212001        6.00
20131106002   212003        1.00
20131106002   212004       69.00
20131106002   219200        3.00
20131106002   270329      121.00
20131106002   270391       49.00
20131106002   293022      182.00
20131106002   421217        9.00
20131106002   421318       76.00
20131106002   490104      115.00
20131106002   512032        1.00
20131106002   512033        1.00
20131106002   513201       23.00
20131106002 25000122       36.00
20131106002 25000138      121.00
20131106002 25000338      263.00
20131106003   181202       19.00
20131106003   181231       39.00
20131106003   191179       75.00
20131106003   212001        2.00
20131106003   212003        1.00
20131106003   212004       25.00
20131106003   219200        1.00
20131106003   270329       44.00
20131106003   270391       18.00
20131106003   293022       66.00
20131106003   421217        3.00
20131106003   421318       28.00
20131106003   490104       42.00
20131106003   512032        1.00
20131106003   512033        1.00
20131106003   513201        8.00
20131106003 25000122       13.00
20131106003 25000138       44.00
20131106003 25000338       96.00
20131107001   181202       60.00
20131107001   181231       25.00
20131107001   212002      515.00
20131107001   219200      410.00
20131107001   219800      320.00
20131107001   219802      310.00
20131107001   231254     1474.00
20131107001   231268     1350.00
20131107001   270422      200.00
20131107001   293002      100.00
20131107001   293022     2200.00
20131107001   421318        5.00
20131107001   490104      470.00
20131107001   490204      340.00
20131107001   623363       10.00
20131107001   624510       10.00
20131107001   624621       30.00
20131107001   624631       10.00
20131107001   624632       10.00
20131107001   624620       10.00
20131107001   624705       30.00
20131107001   624708       10.00
20131107001   624707       10.00
20131107001   900911      510.00
20131107001   910909       40.00
20131107001 25000903      973.00
20131107001 26019031       30.00
20131107001 26019032      132.00
20131107001 26019033      100.00
20131107002   181231       51.00
20131107002   212002       50.00
20131107002   219200      130.00
20131107002   219300      182.00
20131107002   219800      466.00
20131107002   231268      346.00
20131107002   270422       40.00
20131107002   292003      150.00
20131107002   293022      395.00
20131107002   293002      100.00
20131107002   293011       40.00
20131107002   421217      528.00
20131107002   421318       10.00
20131107002   490104      100.00
20131107002   581206       50.00
20131107002   901301      180.00
20131107002   981213      570.00
20131107002 25000122       61.00
20131107002 25000904     1031.00
20131107002 26019033      100.00
20131107002 26019031       40.00
20131107002 26019032       67.00
20131107003   219200       70.00
20131107003   219300      268.00
20131107003   231268      948.00
20131107003   292003      114.00
20131107003   421217       40.00
20131107003 25000905      627.00
20131107003 26019031       20.00
20131107003 26019032       48.00
20131109902   219300      121.00
20131109902   293006      242.00
20131109902   490104      138.00
20131109902   581205      138.00
20131109902   581206      138.00
